sample_index,time_ms_raw,time_ms_zero,elapsed_ms,ax_g,ay_g,az_g,total_g,rpm,target_rpm,rpm_error,pwm_eq,duty_10bit,acs_v,current_a,control_mode,state,fault_type
0,3799799,0,13,-0.19890,-0.02340,-0.70980,0.73751,1000.36,1000,-0.36,51.03,205,2.2554,0.0213,LOCK,2,misalignment
1,3799808,9,22,-0.36270,-0.09360,-0.80730,0.88997,1000.36,1000,-0.36,51.03,205,2.2242,-0.4522,LOCK,2,misalignment
2,3799817,18,31,-0.16380,-0.07410,-0.88920,0.90719,1000.36,1000,-0.36,51.03,205,2.2570,0.0451,LOCK,2,misalignment
3,3799830,31,44,0.00000,0.06630,-0.69420,0.69736,1000.36,1000,-0.36,51.03,205,2.2572,0.0487,LOCK,2,misalignment
4,3799838,39,52,0.12480,-0.17160,-0.46800,0.51385,1000.36,1000,-0.36,51.03,205,2.2538,-0.0032,LOCK,2,misalignment
5,3799847,48,61,0.08970,0.12870,-0.66690,0.68510,1000.37,1000,-0.37,51.03,205,2.2498,-0.0636,LOCK,2,misalignment
6,3799857,58,71,0.08970,0.12870,-0.66690,0.68510,1000.40,1000,-0.40,51.03,205,2.2558,0.0274,LOCK,2,misalignment
7,3799867,68,81,-0.25740,0.05070,-0.71760,0.76405,1000.41,1000,-0.41,51.03,205,2.2281,-0.3917,LOCK,2,misalignment
8,3799877,78,91,-0.24960,-0.02340,-1.01400,1.04453,1000.42,1000,-0.42,51.03,205,2.2403,-0.2080,LOCK,2,misalignment
9,3799887,88,101,-0.06630,0.08580,-1.03350,1.03917,1000.42,1000,-0.42,51.03,205,2.2513,-0.0413,LOCK,2,misalignment
10,3799897,98,111,0.02730,-0.07410,-0.79170,0.79563,1000.42,1000,-0.42,51.03,205,2.2566,0.0393,LOCK,2,misalignment
11,3799907,108,121,0.07020,-0.12480,-0.52260,0.54186,1000.48,1000,-0.48,51.03,205,2.2579,0.0588,LOCK,2,misalignment
12,3799917,118,131,0.08190,0.24570,-0.78780,0.82928,1000.50,1000,-0.50,51.03,205,2.2565,0.0380,LOCK,2,misalignment
13,3799927,128,141,-0.09360,0.15210,-0.74100,0.76222,1000.50,1000,-0.50,51.03,205,2.2274,-0.4027,LOCK,2,misalignment
14,3799937,138,151,-0.35880,0.05070,-0.91650,0.98554,1000.50,1000,-0.50,51.03,205,2.2458,-0.1240,LOCK,2,misalignment
15,3799947,148,161,0.04680,0.06630,-1.16610,1.16892,1000.50,1000,-0.50,51.03,205,2.2611,0.1073,LOCK,2,misalignment
16,3799957,158,171,0.14040,-0.07020,-0.69420,0.71173,1000.50,1000,-0.50,51.03,205,2.2404,-0.2065,LOCK,2,misalignment
17,3799967,168,181,-0.11700,0.03510,-0.59280,0.60525,1000.51,1000,-0.51,51.03,205,2.2425,-0.1747,LOCK,2,misalignment
18,3799977,178,191,-0.02730,0.08190,-0.81510,0.81966,1000.52,1000,-0.52,51.03,205,2.2488,-0.0786,LOCK,2,misalignment
19,3799987,188,201,-0.09750,0.15210,-0.83850,0.85774,1000.52,1000,-0.52,51.03,205,2.2573,0.0506,LOCK,2,misalignment
20,3799997,198,211,-0.28080,0.10140,-0.87360,0.92321,1000.52,1000,-0.52,51.03,205,2.2489,-0.0773,LOCK,2,misalignment
21,3800007,208,221,-0.06240,-0.07020,-1.01010,1.01446,1000.52,1000,-0.52,51.03,205,2.2512,-0.0432,LOCK,2,misalignment
22,3800017,218,231,0.17550,0.18330,-0.85020,0.88727,1000.52,1000,-0.52,51.03,205,2.2334,-0.3124,LOCK,2,misalignment
23,3800030,231,244,-0.07020,0.02730,-0.62010,0.62466,1000.52,1000,-0.52,51.03,205,2.2447,-0.1405,LOCK,2,misalignment
24,3800038,239,252,-0.07020,-0.08970,-0.70980,0.71888,1000.52,1000,-0.52,51.03,205,2.2621,0.1223,LOCK,2,misalignment
25,3800047,248,261,-0.17550,-0.12870,-0.81510,0.84365,1000.52,1000,-0.52,51.03,205,2.2556,0.0240,LOCK,2,misalignment
26,3800057,258,271,-0.29250,0.18330,-0.89700,0.96113,1000.53,1000,-0.53,51.03,205,2.2392,-0.2236,LOCK,2,misalignment
27,3800067,268,281,0.08190,0.14430,-0.99840,1.01209,1000.54,1000,-0.54,51.03,205,2.2427,-0.1707,LOCK,2,misalignment
28,3800077,278,291,0.18330,-0.02730,-0.66690,0.69217,1000.54,1000,-0.54,51.03,205,2.2314,-0.3417,LOCK,2,misalignment
29,3800087,288,301,0.01950,0.19890,-0.69810,0.72614,1000.57,1000,-0.57,51.03,205,2.2546,0.0087,LOCK,2,misalignment
30,3800097,298,311,-0.09360,-0.19110,-0.63180,0.66667,1000.58,1000,-0.58,51.03,205,2.2652,0.1690,LOCK,2,misalignment
31,3800107,308,321,-0.34710,-0.19890,-0.72540,0.82840,1000.59,1000,-0.59,51.03,205,2.2563,0.0344,LOCK,2,misalignment
32,3800117,318,331,-0.28470,0.07020,-0.89700,0.94371,1000.59,1000,-0.59,51.03,205,2.2399,-0.2135,LOCK,2,misalignment
33,3800127,328,341,-0.04680,0.28470,-0.98670,1.02802,1000.59,1000,-0.59,51.03,205,2.2436,-0.1573,LOCK,2,misalignment
34,3800137,338,351,0.15990,0.05850,-0.67080,0.69207,1000.59,1000,-0.59,51.03,205,2.2538,-0.0038,LOCK,2,misalignment
35,3800147,348,361,0.00000,0.05070,-0.59670,0.59885,1000.60,1000,-0.60,51.03,205,2.2588,0.0735,LOCK,2,misalignment
36,3800157,358,371,-0.11700,-0.14040,-0.65130,0.67646,1000.61,1000,-0.61,51.03,205,2.2606,0.1006,LOCK,2,misalignment
37,3800167,368,381,-0.32370,-0.06240,-0.79950,0.86480,1000.61,1000,-0.61,51.03,205,2.2507,-0.0493,LOCK,2,misalignment
38,3800177,378,391,-0.15210,0.09360,-1.04910,1.06419,1000.61,1000,-0.61,51.03,205,2.2342,-0.2999,LOCK,2,misalignment
39,3800187,388,401,0.09750,0.08190,-0.83070,0.84040,1000.61,1000,-0.61,51.03,205,2.2479,-0.0923,LOCK,2,misalignment
40,3800197,398,411,0.12090,-0.07800,-0.58500,0.60243,1000.61,1000,-0.61,51.03,205,2.2581,0.0628,LOCK,2,misalignment
41,3800207,408,421,0.08580,0.06630,-0.76050,0.76819,1000.63,1000,-0.63,51.03,205,2.2630,0.1366,LOCK,2,misalignment
42,3800217,418,431,-0.17160,0.09360,-0.73710,0.76258,1000.65,1000,-0.65,51.03,205,2.2143,-0.6012,LOCK,2,misalignment
43,3800230,431,444,-0.28470,-0.01560,-0.88140,0.92637,1000.65,1000,-0.65,51.03,205,2.2403,-0.2074,LOCK,2,misalignment
44,3800238,439,452,-0.07020,0.01170,-1.02180,1.02428,1000.65,1000,-0.65,51.03,205,2.2412,-0.1942,LOCK,2,misalignment
45,3800247,448,461,0.01170,-0.01560,-0.81120,0.81143,1000.65,1000,-0.65,51.03,205,2.2653,0.1711,LOCK,2,misalignment
46,3800257,458,471,0.01170,-0.01560,-0.81120,0.81143,1000.65,1000,-0.65,51.03,205,2.2571,0.0466,LOCK,2,misalignment
47,3800267,468,481,0.09750,-0.17940,-0.51090,0.55019,1000.73,1000,-0.73,51.03,205,2.2575,0.0524,LOCK,2,misalignment
48,3800277,478,491,0.07800,0.11700,-0.72540,0.73890,1000.76,1000,-0.76,51.03,205,2.2447,-0.1411,LOCK,2,misalignment
49,3800287,488,501,-0.10920,0.08190,-0.73320,0.74580,1000.76,1000,-0.76,51.03,205,2.2270,-0.4085,LOCK,2,misalignment
50,3800297,498,511,-0.30420,0.12870,-0.91260,0.97054,1000.77,1000,-0.77,51.03,205,2.2504,-0.0544,LOCK,2,misalignment
51,3800307,508,521,0.01560,0.10530,-1.10370,1.10882,1000.77,1000,-0.77,51.03,205,2.2597,0.0866,LOCK,2,misalignment
52,3800317,518,531,0.12090,-0.09360,-0.64740,0.66521,1000.77,1000,-0.77,51.03,205,2.2389,-0.2281,LOCK,2,misalignment
53,3800327,528,541,-0.10920,0.05070,-0.57720,0.58962,1000.73,1000,-0.73,51.03,205,2.2467,-0.1103,LOCK,2,misalignment
54,3800337,538,551,-0.04680,0.03510,-0.76050,0.76275,1000.72,1000,-0.72,51.03,205,2.2384,-0.2364,LOCK,2,misalignment
55,3800347,548,561,-0.07020,0.06240,-0.86970,0.87476,1000.71,1000,-0.71,51.03,205,2.2644,0.1583,LOCK,2,misalignment
56,3800357,558,571,-0.24180,0.01170,-0.80730,0.84282,1000.71,1000,-0.71,51.03,205,2.2611,0.1083,LOCK,2,misalignment
57,3800367,568,581,-0.06240,0.12090,-0.99840,1.00763,1000.71,1000,-0.71,51.03,205,2.2418,-0.1842,LOCK,2,misalignment
58,3800377,578,591,0.16770,0.10530,-0.74490,0.77077,1000.71,1000,-0.71,51.03,205,2.2269,-0.4104,LOCK,2,misalignment
59,3800387,588,601,-0.13650,0.26130,-0.61230,0.67957,1000.91,1000,-0.91,51.03,205,2.2411,-0.1952,LOCK,2,misalignment
60,3800397,598,611,-0.09750,-0.03510,-0.72930,0.73663,1000.97,1000,-0.97,51.03,205,2.2520,-0.0297,LOCK,2,misalignment
61,3800407,608,621,-0.13260,-0.01560,-0.87360,0.88374,1000.99,1000,-0.99,51.03,205,2.2598,0.0875,LOCK,2,misalignment
62,3800417,618,631,-0.27690,0.10530,-0.99060,1.03395,1000.99,1000,-0.99,51.03,205,2.2412,-0.1939,LOCK,2,misalignment
63,3800430,631,644,0.11310,0.06630,-0.97110,0.97991,1000.99,1000,-0.99,51.03,205,2.2490,-0.0752,LOCK,2,misalignment
64,3800438,639,652,0.20670,-0.10140,-0.64350,0.68345,1000.99,1000,-0.99,51.03,205,2.2418,-0.1848,LOCK,2,misalignment
65,3800447,648,661,0.03120,0.03120,-0.65910,0.66058,1000.99,1000,-0.99,51.03,205,2.2490,-0.0755,LOCK,2,misalignment
66,3800457,658,671,-0.13650,-0.28860,-0.56160,0.64600,1000.98,1000,-0.98,51.03,205,2.2645,0.1592,LOCK,2,misalignment
67,3800467,668,681,-0.24960,-0.16380,-0.84630,0.89742,1000.97,1000,-0.97,51.03,205,2.2405,-0.2043,LOCK,2,misalignment
68,3800477,678,691,-0.28080,0.11310,-0.90480,0.95410,1000.97,1000,-0.97,51.03,205,2.2452,-0.1332,LOCK,2,misalignment
69,3800487,688,701,-0.01170,0.06630,-0.99450,0.99678,1000.97,1000,-0.97,51.03,205,2.2380,-0.2422,LOCK,2,misalignment
70,3800497,698,711,0.20670,-0.12870,-0.67860,0.72096,1000.97,1000,-0.97,51.03,205,2.2498,-0.0630,LOCK,2,misalignment
71,3800508,709,722,0.00390,-0.07410,-0.63570,0.64002,1000.97,1000,-0.97,51.03,205,2.2568,0.0429,LOCK,2,misalignment
72,3800517,718,731,-0.03120,-0.08580,-0.68640,0.69244,1000.96,1000,-0.96,51.03,205,2.2531,-0.0138,LOCK,2,misalignment
73,3800527,728,741,-0.28080,-0.04290,-0.81900,0.86686,1000.93,1000,-0.93,51.03,205,2.2639,0.1504,LOCK,2,misalignment
74,3800537,738,751,-0.21450,-0.02730,-0.95160,0.97586,1000.92,1000,-0.92,51.03,205,2.2347,-0.2928,LOCK,2,misalignment
75,3800547,748,761,0.02730,0.18720,-0.75660,0.77989,1000.91,1000,-0.91,51.03,205,2.2529,-0.0166,LOCK,2,misalignment
76,3800557,758,771,0.03120,-0.08190,-0.49920,0.50683,1000.91,1000,-0.91,51.03,205,2.2554,0.0216,LOCK,2,misalignment
77,3800567,768,781,-0.07410,0.24960,-0.69030,0.73777,1001.01,1000,-1.01,51.03,205,2.2275,-0.4018,LOCK,2,misalignment
78,3800577,778,791,-0.19500,0.09750,-0.76830,0.79863,1001.04,1000,-1.04,51.03,205,2.2458,-0.1250,LOCK,2,misalignment
79,3800587,788,801,-0.31200,-0.05070,-0.91260,0.96579,1001.04,1000,-1.04,51.03,205,2.2403,-0.2083,LOCK,2,misalignment
80,3800597,798,811,-0.19890,0.05850,-0.95550,0.97773,1001.05,1000,-1.05,51.03,205,2.2548,0.0127,LOCK,2,misalignment
81,3800609,810,823,0.03510,0.14040,-0.86580,0.87781,1001.05,1000,-1.05,51.03,205,2.2555,0.0231,LOCK,2,misalignment
82,3800617,818,831,0.04290,-0.02730,-0.51090,0.51342,1001.05,1000,-1.05,51.03,205,2.2594,0.0814,LOCK,2,misalignment
83,3800630,831,844,-0.00780,0.04680,-0.69810,0.69971,1001.04,1000,-1.04,51.03,205,2.2570,0.0454,LOCK,2,misalignment
84,3800639,840,853,-0.09360,0.02340,-0.80730,0.81304,1001.03,1000,-1.03,51.03,205,2.2468,-0.1094,LOCK,2,misalignment
85,3800647,848,861,-0.29250,-0.05460,-0.82290,0.87504,1001.03,1000,-1.03,51.03,205,2.2575,0.0527,LOCK,2,misalignment
86,3800657,858,871,-0.29250,-0.05460,-0.82290,0.87504,1001.00,1000,-1.00,51.03,205,2.2598,0.0884,LOCK,2,misalignment
87,3800667,868,881,-0.03510,-0.01170,-0.99450,0.99519,1000.98,1000,-0.98,51.03,205,2.2522,-0.0279,LOCK,2,misalignment
88,3800677,878,891,0.05070,0.00780,-0.69420,0.69609,1000.98,1000,-0.98,51.03,205,2.2494,-0.0700,LOCK,2,misalignment
89,3800687,888,901,0.04680,0.03510,-0.67470,0.67723,1000.98,1000,-0.98,51.03,205,2.2366,-0.2635,LOCK,2,misalignment
90,3800697,898,911,0.03120,0.17160,-0.67080,0.69310,1000.99,1000,-0.99,51.03,205,2.2463,-0.1170,LOCK,2,misalignment
91,3800707,908,921,-0.14820,0.12480,-0.83850,0.86059,1000.99,1000,-0.99,51.03,205,2.2422,-0.1787,LOCK,2,misalignment
92,3800717,918,931,-0.33930,0.07410,-0.86190,0.92924,1000.99,1000,-0.99,51.03,205,2.2636,0.1452,LOCK,2,misalignment
93,3800727,928,941,-0.01560,0.05850,-1.06470,1.06642,1000.99,1000,-0.99,51.03,205,2.2330,-0.3185,LOCK,2,misalignment
94,3800737,938,951,0.18330,-0.03120,-0.67860,0.70361,1000.99,1000,-0.99,51.03,205,2.2436,-0.1570,LOCK,2,misalignment
95,3800747,948,961,-0.09750,0.05460,-0.53820,0.54968,1000.97,1000,-0.97,51.03,205,2.2408,-0.2007,LOCK,2,misalignment
96,3800757,958,971,0.00390,0.04680,-0.67080,0.67244,1000.97,1000,-0.97,51.03,205,2.2613,0.1107,LOCK,2,misalignment
97,3800767,968,981,-0.19500,-0.06240,-0.73320,0.76125,1000.97,1000,-0.97,51.03,205,2.2593,0.0805,LOCK,2,misalignment
98,3800777,978,991,-0.25350,0.13260,-1.02960,1.06861,1000.97,1000,-0.97,51.03,205,2.2386,-0.2327,LOCK,2,misalignment
99,3800787,988,1001,-0.05460,-0.01950,-1.04520,1.04681,1000.97,1000,-0.97,51.03,205,2.2267,-0.4143,LOCK,2,misalignment
100,3800797,998,1011,0.15210,-0.07410,-0.70590,0.72589,1000.97,1000,-0.97,51.03,205,2.2484,-0.0853,LOCK,2,misalignment
101,3800807,1008,1021,0.05850,0.08190,-0.68250,0.68988,1001.00,1000,-1.00,51.03,205,2.2454,-0.1308,LOCK,2,misalignment
102,3800817,1018,1031,-0.14040,-0.05850,-0.70590,0.72210,1001.00,1000,-1.00,51.03,205,2.2577,0.0554,LOCK,2,misalignment
103,3800830,1031,1044,-0.14820,-0.19110,-0.88530,0.91774,1001.00,1000,-1.00,51.03,205,2.2438,-0.1552,LOCK,2,misalignment
104,3800838,1039,1052,-0.35100,0.09750,-0.80340,0.88213,1001.00,1000,-1.00,51.03,205,2.2579,0.0597,LOCK,2,misalignment
105,3800847,1048,1061,0.11700,0.00780,-1.00620,1.01301,1001.00,1000,-1.00,51.03,205,2.2544,0.0060,LOCK,2,misalignment
106,3800857,1058,1071,0.20280,-0.04680,-0.69420,0.72473,1001.01,1000,-1.01,51.03,205,2.2589,0.0738,LOCK,2,misalignment
107,3800867,1068,1081,-0.08190,-0.06630,-0.65910,0.66747,1001.01,1000,-1.01,51.03,205,2.2624,0.1269,LOCK,2,misalignment
108,3800877,1078,1091,0.03120,-0.04680,-0.75660,0.75869,1001.02,1000,-1.02,51.03,205,2.2315,-0.3411,LOCK,2,misalignment
109,3800887,1088,1101,-0.35490,0.03900,-0.82290,0.89702,1001.02,1000,-1.02,51.03,205,2.2407,-0.2016,LOCK,2,misalignment
110,3800897,1098,1111,-0.21060,0.08190,-0.85800,0.88726,1001.02,1000,-1.02,51.03,205,2.2457,-0.1253,LOCK,2,misalignment
111,3800907,1108,1121,-0.06240,0.11700,-0.83070,0.84122,1001.02,1000,-1.02,51.03,205,2.2556,0.0243,LOCK,2,misalignment
112,3800917,1118,1131,0.06630,0.03510,-0.70590,0.70987,1001.02,1000,-1.02,51.03,205,2.2662,0.1852,LOCK,2,misalignment
113,3800927,1128,1141,-0.03120,0.16380,-0.65520,0.67608,1001.12,1000,-1.12,51.03,205,2.2582,0.0643,LOCK,2,misalignment
114,3800937,1138,1151,-0.17160,-0.06240,-0.71760,0.74047,1001.15,1000,-1.15,51.03,205,2.2488,-0.0783,LOCK,2,misalignment
115,3800947,1148,1161,-0.30030,-0.09750,-0.88140,0.93624,1001.16,1000,-1.16,51.03,205,2.2432,-0.1643,LOCK,2,misalignment
116,3800957,1158,1171,-0.18720,0.09360,-0.90480,0.92869,1001.16,1000,-1.16,51.03,205,2.2600,0.0912,LOCK,2,misalignment
117,3800967,1168,1181,0.04290,0.20670,-0.76050,0.78926,1001.16,1000,-1.16,51.03,205,2.2539,-0.0022,LOCK,2,misalignment
118,3800977,1178,1191,0.06630,-0.06630,-0.51480,0.52327,1001.16,1000,-1.16,51.03,205,2.2396,-0.2184,LOCK,2,misalignment
119,3800987,1188,1201,0.00390,0.23790,-0.78780,0.82295,1001.16,1000,-1.16,51.03,205,2.2529,-0.0172,LOCK,2,misalignment
120,3800997,1198,1211,-0.15990,0.05460,-0.78000,0.79809,1001.16,1000,-1.16,51.03,205,2.2395,-0.2190,LOCK,2,misalignment
121,3801007,1208,1221,-0.23010,-0.14040,-0.88920,0.92916,1001.16,1000,-1.16,51.03,205,2.2590,0.0765,LOCK,2,misalignment
122,3801018,1219,1232,-0.04680,0.02340,-1.02570,1.02703,1001.16,1000,-1.16,51.03,205,2.2585,0.0683,LOCK,2,misalignment
123,3801031,1232,1245,0.05460,0.07800,-0.79560,0.80128,1001.16,1000,-1.16,51.03,205,2.2639,0.1507,LOCK,2,misalignment
124,3801040,1241,1254,0.08970,-0.07020,-0.56160,0.57303,1001.18,1000,-1.18,51.03,205,2.2404,-0.2059,LOCK,2,misalignment
125,3801048,1249,1262,0.02730,0.13650,-0.70200,0.71567,1001.20,1000,-1.20,51.03,205,2.2256,-0.4308,LOCK,2,misalignment
126,3801062,1263,1276,-0.12090,0.11310,-0.87360,0.88915,1001.21,1000,-1.21,51.03,205,2.2448,-0.1399,LOCK,2,misalignment
127,3801071,1272,1285,-0.34320,0.14040,-0.90870,0.98144,1001.23,1000,-1.23,51.03,205,2.2601,0.0924,LOCK,2,misalignment
128,3801079,1280,1293,0.01170,-0.08970,-1.08030,1.08408,1001.24,1000,-1.24,51.03,205,2.2293,-0.3743,LOCK,2,misalignment
129,3801088,1289,1302,0.01170,-0.08970,-1.08030,1.08408,1001.25,1000,-1.25,51.03,205,2.2627,0.1321,LOCK,2,misalignment
130,3801097,1298,1311,0.20280,0.03900,-0.72930,0.75798,1001.29,1000,-1.29,51.03,205,2.2362,-0.2700,LOCK,2,misalignment
131,3801107,1308,1321,-0.10140,-0.12480,-0.49140,0.51704,1001.21,1000,-1.21,51.03,205,2.2586,0.0701,LOCK,2,misalignment
132,3801120,1321,1334,-0.16380,0.10920,-0.90090,0.92216,1001.20,1000,-1.20,51.03,205,2.2573,0.0503,LOCK,2,misalignment
133,3801129,1330,1343,-0.16380,0.10920,-0.90090,0.92216,1001.20,1000,-1.20,51.03,205,2.2597,0.0863,LOCK,2,misalignment
134,3801137,1338,1351,-0.20670,0.24180,-0.97890,1.02929,1001.20,1000,-1.20,51.03,205,2.2603,0.0948,LOCK,2,misalignment
135,3801147,1348,1361,-0.08190,-0.03120,-0.96720,0.97116,1001.18,1000,-1.18,51.03,205,2.2583,0.0646,LOCK,2,misalignment
136,3801157,1358,1371,0.11700,-0.17940,-0.71370,0.74514,1001.18,1000,-1.18,51.03,205,2.2469,-0.1079,LOCK,2,misalignment
137,3801167,1368,1381,0.08580,0.10920,-0.61620,0.63166,1001.19,1000,-1.19,51.03,205,2.2597,0.0863,LOCK,2,misalignment
138,3801177,1378,1391,-0.10920,-0.07020,-0.73710,0.74844,1001.28,1000,-1.28,51.03,205,2.2583,0.0649,LOCK,2,misalignment
139,3801187,1388,1401,-0.13650,-0.15600,-0.84630,0.87132,1001.30,1000,-1.30,51.03,205,2.2189,-0.5325,LOCK,2,misalignment
140,3801197,1398,1411,-0.24960,0.18720,-0.86580,0.92030,1001.31,1000,-1.31,51.03,205,2.2380,-0.2425,LOCK,2,misalignment
141,3801207,1408,1421,0.02730,0.14040,-0.94770,0.95843,1001.31,1000,-1.31,51.03,205,2.2325,-0.3258,LOCK,2,misalignment
142,3801217,1418,1431,0.06240,-0.01560,-0.56160,0.56527,1001.31,1000,-1.31,51.03,205,2.2529,-0.0163,LOCK,2,misalignment
143,3801231,1432,1445,-0.05070,0.21060,-0.73710,0.76827,1001.33,1000,-1.33,51.03,205,2.2509,-0.0474,LOCK,2,misalignment
144,3801239,1440,1453,-0.05070,-0.19500,-0.72540,0.75286,1001.34,1000,-1.34,51.03,205,2.2347,-0.2932,LOCK,2,misalignment
145,3801247,1448,1461,-0.30420,-0.22230,-0.83460,0.91570,1001.36,1000,-1.36,51.03,205,2.2501,-0.0593,LOCK,2,misalignment
146,3801257,1458,1471,-0.18720,-0.03120,-0.88530,0.90541,1001.43,1000,-1.43,51.03,205,2.2292,-0.3759,LOCK,2,misalignment
147,3801267,1468,1481,-0.07020,0.25350,-0.92820,0.96475,1001.47,1000,-1.47,51.03,205,2.2611,0.1076,LOCK,2,misalignment
148,3801277,1478,1491,0.16380,0.04290,-0.68250,0.70319,1001.48,1000,-1.48,51.03,205,2.2622,0.1238,LOCK,2,misalignment
149,3801287,1488,1501,-0.07410,-0.00780,-0.52650,0.53175,1001.50,1000,-1.50,51.03,205,2.2447,-0.1411,LOCK,2,misalignment
150,3801297,1498,1511,-0.20670,-0.01950,-0.65910,0.69103,1001.50,1000,-1.50,51.03,205,2.2520,-0.0309,LOCK,2,misalignment
151,3801307,1508,1521,-0.39780,-0.03510,-0.86580,0.95346,1001.50,1000,-1.50,51.03,205,2.2545,0.0075,LOCK,2,misalignment
152,3801317,1518,1531,-0.12870,-0.03510,-0.97890,0.98795,1001.50,1000,-1.50,51.03,205,2.2538,-0.0035,LOCK,2,misalignment
153,3801370,1571,1584,-0.21060,0.01950,-0.96330,0.98625,1001.51,1000,-1.51,51.03,205,2.2590,0.0762,LOCK,2,misalignment
154,3801379,1580,1593,-0.08190,0.10920,-1.00230,1.01155,1001.53,1000,-1.53,51.03,205,2.2571,0.0466,LOCK,2,misalignment
155,3801387,1588,1601,0.05070,0.02340,-0.78390,0.78589,1001.54,1000,-1.54,51.03,205,2.2343,-0.2986,LOCK,2,misalignment
156,3801395,1596,1609,0.05070,0.02340,-0.78390,0.78589,1001.54,1000,-1.54,51.03,205,2.2537,-0.0053,LOCK,2,misalignment
157,3801404,1605,1618,0.05850,-0.10920,-0.51480,0.52950,1001.57,1000,-1.57,51.03,205,2.2440,-0.1518,LOCK,2,misalignment
158,3801412,1613,1626,0.08580,0.09750,-0.67860,0.69092,1001.59,1000,-1.59,51.03,205,2.2400,-0.2129,LOCK,2,misalignment
159,3801431,1632,1645,-0.35880,0.03510,-0.87360,0.94506,1001.62,1000,-1.62,51.03,205,2.2484,-0.0844,LOCK,2,misalignment
160,3801440,1641,1654,0.01950,0.01950,-1.11930,1.11964,1001.64,1000,-1.64,51.03,205,2.2616,0.1153,LOCK,2,misalignment
161,3801448,1649,1662,0.17940,-0.00390,-0.76050,0.78138,1001.65,1000,-1.65,51.03,205,2.2488,-0.0789,LOCK,2,misalignment
162,3801457,1658,1671,0.17940,-0.00390,-0.76050,0.78138,1001.69,1000,-1.69,51.03,205,2.2415,-0.1891,LOCK,2,misalignment
163,3801465,1666,1679,-0.12480,0.05460,-0.62400,0.63870,1001.73,1000,-1.73,51.03,205,2.2498,-0.0642,LOCK,2,misalignment
164,3801475,1676,1689,-0.05850,0.09750,-0.79170,0.79982,1001.76,1000,-1.76,51.03,205,2.2592,0.0786,LOCK,2,misalignment
165,3801484,1685,1698,-0.10530,-0.07410,-0.91650,0.92550,1001.78,1000,-1.78,51.03,205,2.2650,0.1669,LOCK,2,misalignment
166,3801492,1693,1706,-0.21060,0.05850,-0.86190,0.88918,1001.81,1000,-1.81,51.03,205,2.2445,-0.1436,LOCK,2,misalignment
167,3801501,1702,1715,-0.09750,0.00000,-0.86190,0.86740,1001.83,1000,-1.83,51.03,205,2.2501,-0.0587,LOCK,2,misalignment
168,3801509,1710,1723,0.13650,0.08580,-0.74880,0.76596,1001.85,1000,-1.85,51.03,205,2.2292,-0.3762,LOCK,2,misalignment
169,3801517,1718,1731,0.13650,0.08580,-0.74880,0.76596,1001.89,1000,-1.89,51.03,205,2.2426,-0.1726,LOCK,2,misalignment
170,3801529,1730,1743,-0.05070,0.13260,-0.64350,0.65897,1001.93,1000,-1.93,51.03,205,2.2533,-0.0099,LOCK,2,misalignment
171,3801537,1738,1751,-0.08580,-0.14040,-0.70200,0.72103,1001.96,1000,-1.96,51.03,205,2.2560,0.0304,LOCK,2,misalignment
172,3801546,1747,1760,-0.18720,-0.06630,-0.85410,0.87688,1001.99,1000,-1.99,51.03,205,2.2364,-0.2672,LOCK,2,misalignment
173,3801554,1755,1768,-0.18330,0.09750,-0.93210,0.95494,1002.02,1000,-2.02,51.03,205,2.2483,-0.0868,LOCK,2,misalignment
174,3801563,1764,1777,-0.02340,0.09360,-0.86190,0.86728,1002.04,1000,-2.04,51.03,205,2.2380,-0.2422,LOCK,2,misalignment
175,3801571,1772,1785,0.12480,-0.08580,-0.56940,0.58920,1002.06,1000,-2.06,51.03,205,2.2543,0.0039,LOCK,2,misalignment
176,3801580,1781,1794,0.12480,-0.08580,-0.56940,0.58920,1002.11,1000,-2.11,51.03,205,2.2616,0.1147,LOCK,2,misalignment
177,3801588,1789,1802,0.00000,0.12090,-0.60840,0.62030,1002.15,1000,-2.15,51.03,205,2.2301,-0.3618,LOCK,2,misalignment
178,3801597,1798,1811,-0.18330,-0.09360,-0.63960,0.67190,1002.19,1000,-2.19,51.03,205,2.2412,-0.1946,LOCK,2,misalignment
179,3801605,1806,1819,-0.32760,-0.14820,-0.86970,0.94110,1002.23,1000,-2.23,51.03,205,2.2376,-0.2483,LOCK,2,misalignment
180,3801613,1814,1827,-0.20280,0.01560,-0.90870,0.93119,1002.26,1000,-2.26,51.03,205,2.2390,-0.2272,LOCK,2,misalignment
181,3801637,1838,1851,0.14040,-0.05850,-0.55770,0.57807,1002.29,1000,-2.29,51.03,205,2.2594,0.0823,LOCK,2,misalignment
182,3801646,1847,1860,0.01560,0.16380,-0.75270,0.77047,1002.34,1000,-2.34,51.03,205,2.2312,-0.3460,LOCK,2,misalignment
183,3801654,1855,1868,-0.12480,0.06630,-0.78390,0.79654,1002.38,1000,-2.38,51.03,205,2.2571,0.0463,LOCK,2,misalignment
184,3801662,1863,1876,-0.12480,0.06630,-0.78390,0.79654,1002.42,1000,-2.42,51.03,205,2.2393,-0.2229,LOCK,2,misalignment
185,3801671,1872,1885,-0.27690,-0.01950,-0.89310,0.93524,1002.45,1000,-2.45,51.03,205,2.2235,-0.4623,LOCK,2,misalignment
186,3801680,1881,1894,-0.11310,0.03120,-1.02180,1.02851,1002.49,1000,-2.49,51.03,205,2.2558,0.0267,LOCK,2,misalignment
187,3801688,1889,1902,0.03510,-0.04290,-0.66690,0.66920,1002.51,1000,-2.51,51.03,205,2.2572,0.0484,LOCK,2,misalignment
188,3801697,1898,1911,0.10140,-0.10140,-0.59670,0.61369,1002.57,1000,-2.57,51.03,205,2.2497,-0.0657,LOCK,2,misalignment
189,3801705,1906,1919,-0.00780,0.11310,-0.76050,0.76890,1002.61,1000,-2.61,51.03,205,2.2543,0.0051,LOCK,2,misalignment
190,3801714,1915,1928,-0.00780,0.11310,-0.76050,0.76890,1002.65,1000,-2.65,51.03,205,2.2420,-0.1814,LOCK,2,misalignment
191,3801727,1928,1941,-0.23790,0.00390,-0.86970,0.90166,1002.69,1000,-2.69,51.03,205,2.2493,-0.0718,LOCK,2,misalignment
192,3801746,1947,1960,0.06630,0.11700,-0.85800,0.86847,1002.73,1000,-2.73,51.03,205,2.2577,0.0564,LOCK,2,misalignment
193,3801755,1956,1969,0.06630,0.11700,-0.85800,0.86847,1002.76,1000,-2.76,51.03,205,2.2456,-0.1271,LOCK,2,misalignment
194,3801763,1964,1977,-0.12090,-0.07020,-0.56550,0.58252,1002.81,1000,-2.81,51.03,205,2.2430,-0.1665,LOCK,2,misalignment
195,3801771,1972,1985,-0.10140,0.20280,-0.70980,0.74513,1002.86,1000,-2.86,51.03,205,2.2385,-0.2345,LOCK,2,misalignment
196,3801786,1987,2000,-0.14040,0.03510,-0.84630,0.85858,1002.90,1000,-2.90,51.03,205,2.2576,0.0548,LOCK,2,misalignment
197,3801794,1995,2008,-0.28860,0.01560,-0.90870,0.95356,1002.94,1000,-2.94,51.03,205,2.2410,-0.1970,LOCK,2,misalignment
198,3801803,2004,2017,-0.11700,0.01560,-0.91650,0.92407,1002.98,1000,-2.98,51.03,205,2.2535,-0.0071,LOCK,2,misalignment
199,3801811,2012,2025,0.19500,0.04680,-0.78000,0.80537,1003.01,1000,-3.01,51.03,205,2.2485,-0.0831,LOCK,2,misalignment
200,3801820,2021,2034,0.01560,0.05460,-0.67080,0.67320,1003.07,1000,-3.07,51.03,205,2.2336,-0.3090,LOCK,2,misalignment
201,3801844,2045,2058,-0.17160,0.00780,-0.89310,0.90947,1003.13,1000,-3.13,51.03,205,2.2590,0.0756,LOCK,2,misalignment
202,3801852,2053,2066,-0.21840,0.10530,-0.90480,0.93672,1003.18,1000,-3.18,51.03,205,2.2528,-0.0184,LOCK,2,misalignment
203,3801861,2062,2075,0.02340,0.10920,-0.93600,0.94264,1003.22,1000,-3.22,51.03,205,2.2450,-0.1359,LOCK,2,misalignment
204,3801869,2070,2083,0.21450,-0.03900,-0.62790,0.66467,1003.26,1000,-3.26,51.03,205,2.2459,-0.1228,LOCK,2,misalignment
205,3801878,2079,2092,0.21450,-0.03900,-0.62790,0.66467,1003.33,1000,-3.33,51.03,205,2.2543,0.0051,LOCK,2,misalignment
206,3801886,2087,2100,0.00000,0.04290,-0.60450,0.60602,1003.39,1000,-3.39,51.03,205,2.2687,0.2227,LOCK,2,misalignment
207,3801895,2096,2109,-0.02730,-0.09360,-0.64740,0.65470,1003.44,1000,-3.44,51.03,205,2.2654,0.1727,LOCK,2,misalignment
208,3801903,2104,2117,-0.24570,-0.04680,-0.86970,0.90495,1003.49,1000,-3.49,51.03,205,2.2380,-0.2419,LOCK,2,misalignment
209,3801912,2113,2126,-0.25740,0.04680,-1.00230,1.03588,1003.54,1000,-3.54,51.03,205,2.2522,-0.0279,LOCK,2,misalignment
210,3801920,2121,2134,-0.02730,0.10140,-0.84630,0.85279,1003.58,1000,-3.58,51.03,205,2.2503,-0.0560,LOCK,2,misalignment
211,3801929,2130,2143,-0.02730,0.10140,-0.84630,0.85279,1003.61,1000,-3.61,51.03,205,2.2593,0.0802,LOCK,2,misalignment
212,3801939,2140,2153,0.05850,-0.11310,-0.62790,0.64068,1003.67,1000,-3.67,51.03,205,2.2611,0.1073,LOCK,2,misalignment
213,3801948,2149,2162,0.02340,0.13650,-0.70200,0.71553,1003.73,1000,-3.73,51.03,205,2.2586,0.0704,LOCK,2,misalignment
214,3801956,2157,2170,-0.13650,0.05460,-0.69810,0.71341,1003.78,1000,-3.78,51.03,205,2.2282,-0.3911,LOCK,2,misalignment
215,3801965,2166,2179,-0.28470,-0.10920,-0.85410,0.90690,1003.83,1000,-3.83,51.03,205,2.2585,0.0677,LOCK,2,misalignment
216,3801973,2174,2187,-0.12870,-0.03900,-0.85020,0.86077,1003.87,1000,-3.87,51.03,205,2.2235,-0.4617,LOCK,2,misalignment
217,3801982,2183,2196,0.01950,0.03120,-0.80340,0.80424,1003.91,1000,-3.91,51.03,205,2.2432,-0.1631,LOCK,2,misalignment
218,3801990,2191,2204,0.01950,0.03120,-0.80340,0.80424,1003.94,1000,-3.94,51.03,205,2.2560,0.0310,LOCK,2,misalignment
219,3801999,2200,2213,0.01950,-0.22620,-0.49140,0.54131,1004.00,1000,-4.00,51.03,205,2.2564,0.0365,LOCK,2,misalignment
220,3802007,2208,2221,-0.03900,0.15600,-0.75660,0.77350,1004.05,1000,-4.05,51.03,205,2.2487,-0.0807,LOCK,2,misalignment
221,3802016,2217,2230,-0.16770,0.02340,-0.78780,0.80579,1004.10,1000,-4.10,51.03,205,2.2466,-0.1121,LOCK,2,misalignment
222,3802024,2225,2238,-0.23790,-0.05070,-0.93990,0.97087,1004.15,1000,-4.15,51.03,205,2.2525,-0.0224,LOCK,2,misalignment
223,3802036,2237,2250,-0.05460,0.08970,-1.00620,1.01166,1004.18,1000,-4.18,51.03,205,2.2659,0.1797,LOCK,2,misalignment
224,3802049,2250,2263,0.16380,-0.08970,-0.66690,0.69255,1004.22,1000,-4.22,51.03,205,2.2595,0.0832,LOCK,2,misalignment
225,3802058,2259,2272,0.01950,0.07020,-0.62010,0.62437,1004.28,1000,-4.28,51.03,205,2.2391,-0.2257,LOCK,2,misalignment
226,3802066,2267,2280,-0.08190,-0.00780,-0.67470,0.67970,1004.33,1000,-4.33,51.03,205,2.2385,-0.2355,LOCK,2,misalignment
227,3802075,2276,2289,-0.13260,0.08970,-0.84240,0.85748,1004.38,1000,-4.38,51.03,205,2.2382,-0.2388,LOCK,2,misalignment
228,3802083,2284,2297,-0.13260,0.08970,-0.84240,0.85748,1004.43,1000,-4.43,51.03,205,2.2447,-0.1414,LOCK,2,misalignment
229,3802092,2293,2306,-0.26520,0.09750,-0.93600,0.97772,1004.47,1000,-4.47,51.03,205,2.2622,0.1238,LOCK,2,misalignment
230,3802101,2302,2315,0.00390,0.04290,-1.03740,1.03829,1004.50,1000,-4.50,51.03,205,2.2364,-0.2663,LOCK,2,misalignment
231,3802109,2310,2323,0.18330,0.01170,-0.74880,0.77100,1004.53,1000,-4.53,51.03,205,2.2432,-0.1637,LOCK,2,misalignment
232,3802118,2319,2332,-0.08190,0.27690,-0.62400,0.68757,1004.58,1000,-4.58,51.03,205,2.2386,-0.2333,LOCK,2,misalignment
233,3802127,2328,2341,-0.06630,0.10140,-0.67860,0.68933,1004.77,1000,-4.77,51.03,205,2.2446,-0.1421,LOCK,2,misalignment
234,3802144,2345,2358,-0.13260,0.05460,-0.83460,0.84683,1004.79,1000,-4.79,51.03,205,2.2612,0.1095,LOCK,2,misalignment
235,3802153,2354,2367,-0.18720,0.15210,-0.98670,1.01575,1004.82,1000,-4.82,51.03,205,2.2590,0.0756,LOCK,2,misalignment
236,3802161,2362,2375,-0.07020,0.00000,-0.85800,0.86087,1004.84,1000,-4.84,51.03,205,2.2331,-0.3163,LOCK,2,misalignment
237,3802169,2370,2383,0.21060,-0.10140,-0.78390,0.81801,1004.86,1000,-4.86,51.03,205,2.2576,0.0545,LOCK,2,misalignment
238,3802178,2379,2392,-0.00780,0.03900,-0.70200,0.70313,1004.88,1000,-4.88,51.03,205,2.2457,-0.1265,LOCK,2,misalignment
239,3802187,2388,2401,-0.08970,-0.23010,-0.66300,0.70750,1004.96,1000,-4.96,51.03,205,2.2460,-0.1210,LOCK,2,misalignment
240,3802197,2398,2411,-0.17940,-0.12870,-0.82680,0.85577,1005.09,1000,-5.09,51.03,205,2.2669,0.1949,LOCK,2,misalignment
241,3802207,2408,2421,-0.29250,0.22230,-0.86190,0.93693,1005.13,1000,-5.13,51.03,205,2.2386,-0.2336,LOCK,2,misalignment
242,3802217,2418,2431,-0.29250,0.22230,-0.86190,0.93693,1005.14,1000,-5.14,51.03,205,2.2474,-0.0999,LOCK,2,misalignment
243,3802227,2428,2441,-0.07020,0.17940,-1.01010,1.02831,1005.14,1000,-5.14,51.03,205,2.2427,-0.1707,LOCK,2,misalignment
244,3802237,2438,2451,0.10530,-0.09750,-0.60060,0.61751,1005.22,1000,-5.22,51.03,205,2.2637,0.1473,LOCK,2,misalignment
245,3802251,2452,2465,-0.11700,-0.04290,-0.65130,0.66311,1005.22,1000,-5.22,51.03,205,2.2605,0.0985,LOCK,2,misalignment
246,3802259,2460,2473,-0.33540,-0.15600,-0.78000,0.86327,1005.23,1000,-5.23,51.03,205,2.2440,-0.1509,LOCK,2,misalignment
247,3802268,2469,2482,-0.33540,-0.15600,-0.78000,0.86327,1005.23,1000,-5.23,51.03,205,2.2484,-0.0844,LOCK,2,misalignment
248,3802277,2478,2491,-0.11700,0.07020,-0.88140,0.89190,1005.24,1000,-5.24,51.03,205,2.2434,-0.1601,LOCK,2,misalignment
249,3802287,2488,2501,0.04290,0.09750,-0.80730,0.81430,1005.25,1000,-5.25,51.03,205,2.2529,-0.0166,LOCK,2,misalignment
250,3802297,2498,2511,0.08190,-0.03120,-0.66690,0.67263,1005.25,1000,-5.25,51.03,205,2.2630,0.1363,LOCK,2,misalignment
251,3802307,2508,2521,-0.15210,0.08190,-0.63570,0.65875,1005.25,1000,-5.25,51.03,205,2.2259,-0.4253,LOCK,2,misalignment
252,3802317,2518,2531,-0.14430,0.03120,-0.74880,0.76322,1005.25,1000,-5.25,51.03,205,2.2517,-0.0343,LOCK,2,misalignment
253,3802327,2528,2541,-0.26520,-0.09360,-0.90480,0.94750,1005.25,1000,-5.25,51.03,205,2.2535,-0.0080,LOCK,2,misalignment
254,3802337,2538,2551,-0.11700,0.02730,-0.92820,0.93594,1005.25,1000,-5.25,51.03,205,2.2566,0.0387,LOCK,2,misalignment
255,3802349,2550,2563,0.03510,0.00780,-0.79950,0.80031,1005.25,1000,-5.25,51.03,205,2.2533,-0.0105,LOCK,2,misalignment
256,3802357,2558,2571,0.03120,0.04290,-0.61620,0.61848,1005.24,1000,-5.24,51.03,205,2.2615,0.1144,LOCK,2,misalignment
257,3802367,2568,2581,0.06240,0.14040,-0.74490,0.76058,1005.21,1000,-5.21,51.03,205,2.2398,-0.2156,LOCK,2,misalignment
258,3802377,2578,2591,-0.12480,-0.01170,-0.75660,0.76691,1005.19,1000,-5.19,51.03,205,2.2414,-0.1912,LOCK,2,misalignment
259,3802387,2588,2601,-0.26130,-0.00390,-0.91650,0.95303,1005.19,1000,-5.19,51.03,205,2.2365,-0.2645,LOCK,2,misalignment
260,3802397,2598,2611,-0.06240,-0.04680,-0.92430,0.92759,1005.19,1000,-5.19,51.03,205,2.2517,-0.0343,LOCK,2,misalignment
261,3802407,2608,2621,0.15990,0.00000,-0.88530,0.89962,1005.19,1000,-5.19,51.03,205,2.2576,0.0542,LOCK,2,misalignment
262,3802417,2618,2631,0.01560,0.06630,-0.69030,0.69365,1005.18,1000,-5.18,51.03,205,2.2482,-0.0880,LOCK,2,misalignment
263,3802427,2628,2641,-0.01170,0.18720,-0.68640,0.71157,1005.18,1000,-5.18,51.03,205,2.2503,-0.0554,LOCK,2,misalignment
264,3802437,2638,2651,-0.12870,0.13650,-0.83460,0.85543,1005.18,1000,-5.18,51.03,205,2.2592,0.0783,LOCK,2,misalignment
265,3802451,2652,2665,-0.32760,0.15990,-0.86970,0.94301,1005.18,1000,-5.18,51.03,205,2.2630,0.1366,LOCK,2,misalignment
266,3802459,2660,2673,-0.06630,-0.00390,-0.99450,0.99672,1005.18,1000,-5.18,51.03,205,2.2652,0.1699,LOCK,2,misalignment
267,3802467,2668,2681,0.22620,-0.02340,-0.82290,0.85374,1005.18,1000,-5.18,51.03,205,2.2357,-0.2779,LOCK,2,misalignment
268,3802477,2678,2691,-0.14430,0.04680,-0.63180,0.64976,1005.13,1000,-5.13,51.03,205,2.2606,0.1006,LOCK,2,misalignment
269,3802487,2688,2701,-0.14040,0.00000,-0.69810,0.71208,1005.10,1000,-5.10,51.03,205,2.2441,-0.1506,LOCK,2,misalignment
270,3802497,2698,2711,-0.19500,0.12480,-0.83460,0.86612,1005.09,1000,-5.09,51.03,205,2.2542,0.0036,LOCK,2,misalignment
271,3802507,2708,2721,-0.22230,0.16770,-0.86580,0.90948,1005.09,1000,-5.09,51.03,205,2.2572,0.0487,LOCK,2,misalignment
272,3802517,2718,2731,-0.12090,0.05850,-0.87750,0.88772,1005.09,1000,-5.09,51.03,205,2.2553,0.0203,LOCK,2,misalignment
273,3802527,2728,2741,0.14040,0.03900,-0.78000,0.79349,1005.09,1000,-5.09,51.03,205,2.2421,-0.1796,LOCK,2,misalignment
274,3802537,2738,2751,-0.10140,0.07020,-0.58500,0.59786,1004.99,1000,-4.99,51.03,205,2.2595,0.0829,LOCK,2,misalignment
275,3802547,2748,2761,-0.07020,-0.13650,-0.68640,0.70335,1004.97,1000,-4.97,51.03,205,2.2526,-0.0215,LOCK,2,misalignment
276,3802557,2758,2771,-0.24180,-0.11310,-0.88140,0.92094,1004.96,1000,-4.96,51.03,205,2.2621,0.1226,LOCK,2,misalignment
277,3802567,2768,2781,-0.19500,0.08970,-0.90870,0.93371,1004.96,1000,-4.96,51.03,205,2.2517,-0.0352,LOCK,2,misalignment
278,3802577,2778,2791,0.02340,0.08970,-0.85800,0.86299,1004.96,1000,-4.96,51.03,205,2.2382,-0.2394,LOCK,2,misalignment
279,3802587,2788,2801,0.08580,-0.03120,-0.62790,0.63450,1004.96,1000,-4.96,51.03,205,2.2483,-0.0868,LOCK,2,misalignment
280,3802597,2798,2811,0.06630,0.30810,-0.79170,0.85212,1004.76,1000,-4.76,51.03,205,2.2537,-0.0047,LOCK,2,misalignment
281,3802607,2808,2821,0.06630,0.30810,-0.79170,0.85212,1004.70,1000,-4.70,51.03,205,2.2611,0.1070,LOCK,2,misalignment
282,3802617,2818,2831,-0.08190,-0.06240,-0.66300,0.67095,1004.69,1000,-4.69,51.03,205,2.2558,0.0274,LOCK,2,misalignment
283,3802627,2828,2841,-0.27690,-0.24180,-0.79950,0.87997,1004.68,1000,-4.68,51.03,205,2.2447,-0.1408,LOCK,2,misalignment
284,3802637,2838,2851,-0.13650,-0.01560,-0.86580,0.87663,1004.68,1000,-4.68,51.03,205,2.2561,0.0316,LOCK,2,misalignment
285,3802651,2852,2865,0.16380,-0.09360,-0.64350,0.67058,1004.68,1000,-4.68,51.03,205,2.2427,-0.1720,LOCK,2,misalignment
286,3802659,2860,2873,-0.05070,0.21450,-0.70200,0.73579,1004.68,1000,-4.68,51.03,205,2.2635,0.1440,LOCK,2,misalignment
287,3802668,2869,2882,-0.05070,0.21450,-0.70200,0.73579,1004.67,1000,-4.67,51.03,205,2.2491,-0.0749,LOCK,2,misalignment
288,3802677,2878,2891,-0.21450,0.11310,-0.67080,0.71328,1004.66,1000,-4.66,51.03,205,2.2559,0.0286,LOCK,2,misalignment
289,3802687,2888,2901,-0.26130,-0.05850,-0.93210,0.96980,1004.66,1000,-4.66,51.03,205,2.2389,-0.2294,LOCK,2,misalignment
290,3802697,2898,2911,-0.04290,-0.03900,-1.00620,1.00787,1004.65,1000,-4.65,51.03,205,2.2533,-0.0099,LOCK,2,misalignment
291,3802707,2908,2921,0.17160,-0.06240,-0.73320,0.75559,1004.65,1000,-4.65,51.03,205,2.2589,0.0744,LOCK,2,misalignment
292,3802717,2918,2931,-0.07410,-0.10140,-0.56550,0.57928,1004.49,1000,-4.49,51.03,205,2.2288,-0.3820,LOCK,2,misalignment
293,3802727,2928,2941,-0.00390,0.21450,-0.79560,0.82402,1004.44,1000,-4.44,51.03,205,2.2643,0.1562,LOCK,2,misalignment
294,3802737,2938,2951,-0.07410,0.26910,-0.85410,0.89855,1004.43,1000,-4.43,51.03,205,2.2586,0.0698,LOCK,2,misalignment
295,3802747,2948,2961,-0.26130,0.07410,-0.98280,1.01964,1004.42,1000,-4.42,51.03,205,2.2451,-0.1350,LOCK,2,misalignment
296,3802764,2965,2978,0.13260,-0.08580,-0.80340,0.81878,1004.42,1000,-4.42,51.03,205,2.2687,0.2233,LOCK,2,misalignment
297,3802772,2973,2986,-0.12870,0.17160,-0.58500,0.62309,1004.40,1000,-4.40,51.03,205,2.2463,-0.1170,LOCK,2,misalignment
298,3802781,2982,2995,-0.12870,0.17160,-0.58500,0.62309,1004.38,1000,-4.38,51.03,205,2.2346,-0.2941,LOCK,2,misalignment
299,3802789,2990,3003,-0.07410,-0.03120,-0.76440,0.76862,1004.37,1000,-4.37,51.03,205,2.2440,-0.1512,LOCK,2,misalignment
300,3802806,3007,3020,-0.25350,0.25740,-0.97110,1.03612,1004.35,1000,-4.35,51.03,205,2.2592,0.0780,LOCK,2,misalignment
301,3802814,3015,3028,-0.03900,0.01560,-0.91650,0.91746,1004.34,1000,-4.34,51.03,205,2.2697,0.2377,LOCK,2,misalignment
302,3802823,3024,3037,0.21840,-0.04290,-0.71370,0.74760,1004.33,1000,-4.33,51.03,205,2.2407,-0.2019,LOCK,2,misalignment
303,3802831,3032,3045,0.21840,-0.04290,-0.71370,0.74760,1004.30,1000,-4.30,51.03,205,2.2489,-0.0770,LOCK,2,misalignment
304,3802839,3040,3053,-0.04680,0.12480,-0.66300,0.67626,1004.27,1000,-4.27,51.03,205,2.2487,-0.0804,LOCK,2,misalignment
305,3802865,3066,3079,-0.23400,0.10920,-0.89310,0.92968,1004.24,1000,-4.24,51.03,205,2.2545,0.0081,LOCK,2,misalignment
306,3802874,3075,3088,0.00780,0.28080,-0.88530,0.92880,1004.22,1000,-4.22,51.03,205,2.2519,-0.0316,LOCK,2,misalignment
307,3802882,3083,3096,0.00780,0.28080,-0.88530,0.92880,1004.20,1000,-4.20,51.03,205,2.2375,-0.2504,LOCK,2,misalignment
308,3802891,3092,3105,0.22620,-0.08190,-0.66300,0.70530,1004.17,1000,-4.17,51.03,205,2.2489,-0.0776,LOCK,2,misalignment
309,3802907,3108,3121,-0.14820,-0.01950,-0.65130,0.66823,1004.14,1000,-4.14,51.03,205,2.2603,0.0957,LOCK,2,misalignment
310,3802916,3117,3130,-0.33150,-0.09360,-0.83850,0.90650,1004.11,1000,-4.11,51.03,205,2.2630,0.1366,LOCK,2,misalignment
311,3802924,3125,3138,-0.33150,-0.09360,-0.83850,0.90650,1004.09,1000,-4.09,51.03,205,2.2356,-0.2782,LOCK,2,misalignment
312,3802933,3134,3147,-0.19890,-0.03510,-0.89700,0.91946,1004.07,1000,-4.07,51.03,205,2.2620,0.1205,LOCK,2,misalignment
313,3802941,3142,3155,-0.05070,0.13650,-0.75660,0.77048,1004.05,1000,-4.05,51.03,205,2.2370,-0.2577,LOCK,2,misalignment
314,3802964,3165,3178,0.01950,-0.03510,-0.68250,0.68368,1004.01,1000,-4.01,51.03,205,2.2615,0.1141,LOCK,2,misalignment
315,3802973,3174,3187,-0.10920,-0.15990,-0.59280,0.62362,1003.99,1000,-3.99,51.03,205,2.2599,0.0899,LOCK,2,misalignment
316,3802981,3182,3195,-0.22230,-0.12090,-0.97500,1.00730,1003.96,1000,-3.96,51.03,205,2.2392,-0.2245,LOCK,2,misalignment
317,3802990,3191,3204,-0.13260,0.04290,-0.88140,0.89235,1003.94,1000,-3.94,51.03,205,2.2416,-0.1881,LOCK,2,misalignment
318,3802998,3199,3212,0.09360,-0.14430,-0.84240,0.85978,1003.92,1000,-3.92,51.03,205,2.2362,-0.2693,LOCK,2,misalignment
319,3803006,3207,3220,0.09360,-0.14430,-0.84240,0.85978,1003.90,1000,-3.90,51.03,205,2.2516,-0.0361,LOCK,2,misalignment
320,3803015,3216,3229,0.04290,-0.13260,-0.61620,0.63176,1003.87,1000,-3.87,51.03,205,2.2671,0.1986,LOCK,2,misalignment
321,3803023,3224,3237,-0.02340,0.13260,-0.78000,0.79154,1003.84,1000,-3.84,51.03,205,2.2317,-0.3380,LOCK,2,misalignment
322,3803032,3233,3246,-0.12090,0.02730,-0.75270,0.76284,1003.82,1000,-3.82,51.03,205,2.2441,-0.1494,LOCK,2,misalignment
323,3803040,3241,3254,-0.24960,0.01560,-0.85800,0.89370,1003.80,1000,-3.80,51.03,205,2.2498,-0.0630,LOCK,2,misalignment
324,3803049,3250,3263,-0.07020,-0.05070,-1.01400,1.01769,1003.78,1000,-3.78,51.03,205,2.2346,-0.2944,LOCK,2,misalignment
325,3803072,3273,3286,-0.09750,-0.08970,-0.64740,0.66082,1003.76,1000,-3.76,51.03,205,2.2575,0.0527,LOCK,2,misalignment
326,3803081,3282,3295,-0.10920,0.24570,-0.73320,0.78095,1003.74,1000,-3.74,51.03,205,2.2528,-0.0178,LOCK,2,misalignment
327,3803089,3290,3303,-0.10920,0.24570,-0.73320,0.78095,1003.72,1000,-3.72,51.03,205,2.2387,-0.2324,LOCK,2,misalignment
328,3803097,3298,3311,-0.02730,0.12870,-0.79170,0.80256,1003.70,1000,-3.70,51.03,205,2.2333,-0.3136,LOCK,2,misalignment
329,3803106,3307,3320,-0.33540,0.09360,-0.88920,0.95495,1003.68,1000,-3.68,51.03,205,2.2417,-0.1863,LOCK,2,misalignment
330,3803114,3315,3328,-0.09360,-0.02340,-0.90480,0.90993,1003.67,1000,-3.67,51.03,205,2.2589,0.0747,LOCK,2,misalignment
331,3803123,3324,3337,0.17160,0.02340,-0.89700,0.91357,1003.66,1000,-3.66,51.03,205,2.2560,0.0307,LOCK,2,misalignment
332,3803131,3332,3345,-0.24180,0.17940,-0.59280,0.66488,1003.63,1000,-3.63,51.03,205,2.2446,-0.1417,LOCK,2,misalignment
333,3803140,3341,3354,-0.24180,0.17940,-0.59280,0.66488,1003.60,1000,-3.60,51.03,205,2.2278,-0.3972,LOCK,2,misalignment
334,3803148,3349,3362,-0.14430,-0.04680,-0.62010,0.63839,1003.58,1000,-3.58,51.03,205,2.2385,-0.2342,LOCK,2,misalignment
335,3803161,3362,3375,-0.08970,-0.01170,-0.79560,0.80073,1003.56,1000,-3.56,51.03,205,2.2486,-0.0816,LOCK,2,misalignment
336,3803169,3370,3383,-0.23790,0.14040,-0.92040,0.96096,1003.54,1000,-3.54,51.03,205,2.2602,0.0939,LOCK,2,misalignment
337,3803178,3379,3392,-0.10140,0.11700,-0.86580,0.87953,1003.52,1000,-3.52,51.03,205,2.2609,0.1049,LOCK,2,misalignment
338,3803186,3387,3400,0.24960,-0.02730,-0.77220,0.81200,1003.50,1000,-3.50,51.03,205,2.2400,-0.2126,LOCK,2,misalignment
339,3803195,3396,3409,0.08190,0.23790,-0.76440,0.80474,1003.47,1000,-3.47,51.03,205,2.2492,-0.0734,LOCK,2,misalignment
340,3803203,3404,3417,-0.18720,-0.10140,-0.58500,0.62254,1003.45,1000,-3.45,51.03,205,2.2506,-0.0514,LOCK,2,misalignment
341,3803212,3413,3426,-0.22230,-0.15210,-0.87750,0.91791,1003.42,1000,-3.42,51.03,205,2.2587,0.0707,LOCK,2,misalignment
342,3803221,3422,3435,-0.22230,-0.15210,-0.87750,0.91791,1003.40,1000,-3.40,51.03,205,2.2566,0.0393,LOCK,2,misalignment
343,3803229,3430,3443,-0.24960,0.09360,-0.86190,0.90218,1003.38,1000,-3.38,51.03,205,2.2316,-0.3392,LOCK,2,misalignment
344,3803238,3439,3452,-0.01170,0.05070,-0.83070,0.83233,1003.36,1000,-3.36,51.03,205,2.2633,0.1403,LOCK,2,misalignment
345,3803247,3448,3461,0.22620,-0.10140,-0.68250,0.72612,1003.32,1000,-3.32,51.03,205,2.2471,-0.1048,LOCK,2,misalignment
346,3803257,3458,3471,0.07020,0.10140,-0.78000,0.78969,1003.26,1000,-3.26,51.03,205,2.2318,-0.3365,LOCK,2,misalignment
347,3803287,3488,3501,-0.03900,0.13260,-0.96720,0.97703,1003.26,1000,-3.26,51.03,205,2.2551,0.0173,LOCK,2,misalignment
348,3803295,3496,3509,-0.05850,0.08970,-0.72930,0.73712,1003.25,1000,-3.25,51.03,205,2.2494,-0.0697,LOCK,2,misalignment
349,3803303,3504,3517,-0.05850,0.08970,-0.72930,0.73712,1003.25,1000,-3.25,51.03,205,2.2358,-0.2751,LOCK,2,misalignment
350,3803312,3513,3526,0.06240,-0.19890,-0.58500,0.62103,1003.26,1000,-3.26,51.03,205,2.2427,-0.1711,LOCK,2,misalignment
351,3803320,3521,3534,-0.01560,0.13260,-0.78000,0.79134,1003.26,1000,-3.26,51.03,205,2.2677,0.2068,LOCK,2,misalignment
352,3803329,3530,3543,-0.18330,0.05070,-0.69810,0.72354,1003.26,1000,-3.26,51.03,205,2.2672,0.1995,LOCK,2,misalignment
353,3803337,3538,3551,-0.15990,-0.04290,-0.92820,0.94285,1003.27,1000,-3.27,51.03,205,2.2403,-0.2074,LOCK,2,misalignment
354,3803346,3547,3560,-0.15990,-0.04290,-0.92820,0.94285,1003.27,1000,-3.27,51.03,205,2.2474,-0.1002,LOCK,2,misalignment
355,3803354,3555,3568,-0.14430,-0.12870,-0.88920,0.90998,1003.27,1000,-3.27,51.03,205,2.2436,-0.1570,LOCK,2,misalignment
356,3803363,3564,3577,0.05070,-0.04680,-0.78780,0.79082,1003.28,1000,-3.28,51.03,205,2.2526,-0.0212,LOCK,2,misalignment
357,3803373,3574,3587,-0.11310,-0.10920,-0.51480,0.53827,1003.25,1000,-3.25,51.03,205,2.2590,0.0762,LOCK,2,misalignment
358,3803381,3582,3595,-0.11700,0.31980,-0.83460,0.90140,1003.23,1000,-3.23,51.03,205,2.2614,0.1128,LOCK,2,misalignment
359,3803390,3591,3604,-0.13260,0.10530,-0.83460,0.85160,1003.21,1000,-3.21,51.03,205,2.2403,-0.2083,LOCK,2,misalignment
360,3803398,3599,3612,-0.24180,-0.06240,-0.92430,0.95744,1003.20,1000,-3.20,51.03,205,2.2480,-0.0908,LOCK,2,misalignment
361,3803407,3608,3621,-0.24180,-0.06240,-0.92430,0.95744,1003.18,1000,-3.18,51.03,205,2.2388,-0.2306,LOCK,2,misalignment
362,3803417,3618,3631,-0.01560,0.00780,-1.01400,1.01415,1003.17,1000,-3.17,51.03,205,2.2608,0.1034,LOCK,2,misalignment
363,3803427,3628,3641,0.11700,-0.09750,-0.69420,0.71071,1003.10,1000,-3.10,51.03,205,2.2637,0.1467,LOCK,2,misalignment
364,3803437,3638,3651,-0.06240,0.18330,-0.69810,0.72446,1003.01,1000,-3.01,51.03,205,2.2405,-0.2052,LOCK,2,misalignment
365,3803447,3648,3661,-0.07020,0.12090,-0.73320,0.74641,1002.99,1000,-2.99,51.03,205,2.2385,-0.2342,LOCK,2,misalignment
366,3803457,3658,3671,-0.03120,0.06240,-0.88530,0.88804,1002.98,1000,-2.98,51.03,205,2.2492,-0.0734,LOCK,2,misalignment
367,3803467,3668,3681,-0.30030,0.07800,-0.87750,0.93074,1002.98,1000,-2.98,51.03,205,2.2564,0.0362,LOCK,2,misalignment
368,3803477,3678,3691,0.03120,0.05460,-1.01790,1.01984,1002.98,1000,-2.98,51.03,205,2.2567,0.0408,LOCK,2,misalignment
369,3803490,3691,3704,-0.19110,0.15600,-0.61230,0.66013,1002.98,1000,-2.98,51.03,205,2.2639,0.1495,LOCK,2,misalignment
370,3803498,3699,3712,-0.19110,0.15600,-0.61230,0.66013,1002.98,1000,-2.98,51.03,205,2.2347,-0.2919,LOCK,2,misalignment
371,3803507,3708,3721,-0.13260,0.12870,-0.61230,0.63958,1002.97,1000,-2.97,51.03,205,2.2315,-0.3408,LOCK,2,misalignment
372,3803517,3718,3731,-0.23400,0.04290,-0.78390,0.81920,1002.93,1000,-2.93,51.03,205,2.2452,-0.1329,LOCK,2,misalignment
373,3803527,3728,3741,-0.18330,0.09750,-0.97890,1.00067,1002.92,1000,-2.92,51.03,205,2.2649,0.1647,LOCK,2,misalignment
374,3803537,3738,3751,-0.08580,0.07410,-0.85410,0.86159,1002.91,1000,-2.91,51.03,205,2.2309,-0.3502,LOCK,2,misalignment
375,3803547,3748,3761,0.30810,-0.03120,-0.72150,0.78515,1002.91,1000,-2.91,51.03,205,2.2559,0.0295,LOCK,2,misalignment
376,3803557,3758,3771,0.07800,0.17550,-0.72150,0.74662,1002.85,1000,-2.85,51.03,205,2.2480,-0.0914,LOCK,2,misalignment
377,3803567,3768,3781,-0.22620,-0.03900,-0.64350,0.68321,1002.83,1000,-2.83,51.03,205,2.2554,0.0219,LOCK,2,misalignment
378,3803578,3779,3792,-0.25740,-0.08970,-0.88140,0.92259,1002.83,1000,-2.83,51.03,205,2.2569,0.0432,LOCK,2,misalignment
379,3803587,3788,3801,-0.26910,0.12870,-0.87360,0.92312,1002.83,1000,-2.83,51.03,205,2.2375,-0.2507,LOCK,2,misalignment
380,3803597,3798,3811,0.03510,0.04290,-0.88530,0.88703,1002.83,1000,-2.83,51.03,205,2.2480,-0.0914,LOCK,2,misalignment
381,3803607,3808,3821,0.21840,-0.14430,-0.60060,0.65517,1002.83,1000,-2.83,51.03,205,2.2406,-0.2031,LOCK,2,misalignment
382,3803617,3818,3831,0.05070,-0.15600,-0.63180,0.65275,1002.76,1000,-2.76,51.03,205,2.2561,0.0322,LOCK,2,misalignment
383,3803629,3830,3843,-0.02730,-0.14430,-0.66690,0.68288,1002.76,1000,-2.76,51.03,205,2.2662,0.1843,LOCK,2,misalignment
384,3803638,3839,3852,-0.33540,-0.09360,-0.87360,0.94044,1002.76,1000,-2.76,51.03,205,2.2252,-0.4363,LOCK,2,misalignment
385,3803647,3848,3861,-0.12090,0.11310,-1.04520,1.05823,1002.75,1000,-2.75,51.03,205,2.2442,-0.1488,LOCK,2,misalignment
386,3803657,3858,3871,-0.01560,-0.02340,-0.75660,0.75712,1002.74,1000,-2.74,51.03,205,2.2548,0.0121,LOCK,2,misalignment
387,3803667,3868,3881,0.01950,-0.12870,-0.62790,0.64125,1002.74,1000,-2.74,51.03,205,2.2413,-0.1924,LOCK,2,misalignment
388,3803680,3881,3894,-0.03900,0.14820,-0.68250,0.69949,1002.72,1000,-2.72,51.03,205,2.2636,0.1449,LOCK,2,misalignment
389,3803693,3894,3907,-0.09750,-0.03510,-0.68640,0.69418,1002.71,1000,-2.71,51.03,205,2.2607,0.1015,LOCK,2,misalignment
390,3803701,3902,3915,-0.21060,-0.10920,-0.84240,0.87517,1002.71,1000,-2.71,51.03,205,2.2382,-0.2397,LOCK,2,misalignment
391,3803710,3911,3924,-0.13650,-0.07800,-0.89310,0.90683,1002.70,1000,-2.70,51.03,205,2.2556,0.0243,LOCK,2,misalignment
392,3803718,3919,3932,0.08190,0.06630,-0.86970,0.87606,1002.69,1000,-2.69,51.03,205,2.2434,-0.1604,LOCK,2,misalignment
393,3803727,3928,3941,-0.07410,-0.08190,-0.57330,0.58384,1002.68,1000,-2.68,51.03,205,2.2616,0.1150,LOCK,2,misalignment
394,3803737,3938,3951,-0.07020,0.24570,-0.74490,0.78751,1002.62,1000,-2.62,51.03,205,2.2631,0.1382,LOCK,2,misalignment
395,3803747,3948,3961,-0.15600,0.05850,-0.80730,0.82431,1002.60,1000,-2.60,51.03,205,2.2476,-0.0969,LOCK,2,misalignment
396,3803757,3958,3971,-0.29250,-0.07020,-0.89700,0.94609,1002.60,1000,-2.60,51.03,205,2.2271,-0.4076,LOCK,2,misalignment
397,3803767,3968,3981,-0.15600,-0.01170,-0.93210,0.94514,1002.59,1000,-2.59,51.03,205,2.2440,-0.1509,LOCK,2,misalignment
398,3803777,3978,3991,-0.15600,-0.01170,-0.93210,0.94514,1002.59,1000,-2.59,51.03,205,2.2548,0.0118,LOCK,2,misalignment
399,3803787,3988,4001,0.15600,-0.10920,-0.74490,0.76885,1002.59,1000,-2.59,51.03,205,2.2646,0.1608,LOCK,2,misalignment
400,3803797,3998,4011,0.00390,0.19890,-0.71370,0.74091,1002.50,1000,-2.50,51.03,205,2.2459,-0.1228,LOCK,2,misalignment
401,3803807,4008,4021,-0.10530,0.06630,-0.64350,0.65542,1002.47,1000,-2.47,51.03,205,2.2579,0.0597,LOCK,2,misalignment
402,3803817,4018,4031,-0.10920,0.09360,-0.86580,0.87766,1002.47,1000,-2.47,51.03,205,2.2465,-0.1143,LOCK,2,misalignment
403,3803827,4028,4041,-0.27690,0.03900,-0.84630,0.89130,1002.47,1000,-2.47,51.03,205,2.2589,0.0744,LOCK,2,misalignment
404,3803837,4038,4051,-0.00390,0.00780,-1.03350,1.03354,1002.46,1000,-2.46,51.03,205,2.2622,0.1247,LOCK,2,misalignment
405,3803847,4048,4061,0.21060,-0.04290,-0.77220,0.80155,1002.46,1000,-2.46,51.03,205,2.2488,-0.0789,LOCK,2,misalignment
406,3803857,4058,4071,-0.14820,0.26520,-0.60450,0.67655,1002.47,1000,-2.47,51.03,205,2.2476,-0.0969,LOCK,2,misalignment
407,3803867,4068,4081,-0.07020,0.00780,-0.66300,0.66675,1002.47,1000,-2.47,51.03,205,2.2341,-0.3014,LOCK,2,misalignment
408,3803877,4078,4091,-0.05850,0.05070,-0.88140,0.88479,1002.47,1000,-2.47,51.03,205,2.2629,0.1345,LOCK,2,misalignment
409,3803897,4098,4111,-0.01950,0.06630,-0.89700,0.89966,1002.47,1000,-2.47,51.03,205,2.2538,-0.0038,LOCK,2,misalignment
410,3803905,4106,4119,0.29250,-0.12090,-0.74100,0.80576,1002.47,1000,-2.47,51.03,205,2.2429,-0.1689,LOCK,2,misalignment
411,3803913,4114,4127,0.03900,0.08580,-0.65910,0.66580,1002.47,1000,-2.47,51.03,205,2.2582,0.0643,LOCK,2,misalignment
412,3803922,4123,4136,-0.07020,-0.14040,-0.61230,0.63210,1002.47,1000,-2.47,51.03,205,2.2634,0.1431,LOCK,2,misalignment
413,3803930,4131,4144,-0.07020,-0.14040,-0.61230,0.63210,1002.47,1000,-2.47,51.03,205,2.2513,-0.0404,LOCK,2,misalignment
414,3803939,4140,4153,-0.16380,-0.05460,-0.82680,0.84464,1002.47,1000,-2.47,51.03,205,2.2542,0.0032,LOCK,2,misalignment
415,3803947,4148,4161,-0.31590,0.18720,-0.81900,0.89755,1002.47,1000,-2.47,51.03,205,2.2299,-0.3655,LOCK,2,misalignment
416,3803957,4158,4171,-0.00390,0.12480,-0.93210,0.94043,1002.47,1000,-2.47,51.03,205,2.2591,0.0777,LOCK,2,misalignment
417,3803967,4168,4181,0.18330,-0.18720,-0.68250,0.73106,1002.47,1000,-2.47,51.03,205,2.2314,-0.3426,LOCK,2,misalignment
418,3803977,4178,4191,0.07020,0.03510,-0.72150,0.72576,1002.26,1000,-2.26,51.03,205,2.2574,0.0512,LOCK,2,misalignment
419,3803989,4190,4203,-0.07410,-0.02730,-0.69030,0.69480,1002.25,1000,-2.25,51.03,205,2.2618,0.1189,LOCK,2,misalignment
420,3803997,4198,4211,-0.38220,-0.12480,-0.79950,0.89490,1002.24,1000,-2.24,51.03,205,2.2654,0.1727,LOCK,2,misalignment
421,3804007,4208,4221,-0.15600,0.09360,-0.92430,0.94203,1002.21,1000,-2.21,51.03,205,2.2477,-0.0950,LOCK,2,misalignment
422,3804017,4218,4231,0.00780,0.04290,-0.74880,0.75007,1002.18,1000,-2.18,51.03,205,2.2319,-0.3353,LOCK,2,misalignment
423,3804027,4228,4241,0.01170,-0.03120,-0.60840,0.60931,1002.17,1000,-2.17,51.03,205,2.2605,0.0988,LOCK,2,misalignment
424,3804037,4238,4251,-0.15600,0.17550,-0.63960,0.68134,1002.16,1000,-2.16,51.03,205,2.2617,0.1171,LOCK,2,misalignment
425,3804047,4248,4261,-0.15600,0.01560,-0.69420,0.71168,1002.15,1000,-2.15,51.03,205,2.2546,0.0084,LOCK,2,misalignment
426,3804057,4258,4271,-0.17550,-0.12480,-0.88140,0.90733,1002.14,1000,-2.14,51.03,205,2.2381,-0.2410,LOCK,2,misalignment
427,3804067,4268,4281,-0.12090,0.01560,-0.98670,0.99420,1002.14,1000,-2.14,51.03,205,2.2425,-0.1747,LOCK,2,misalignment
428,3804077,4278,4291,0.03900,0.03900,-0.81510,0.81696,1002.14,1000,-2.14,51.03,205,2.2463,-0.1167,LOCK,2,misalignment
429,3804087,4288,4301,0.05070,0.03900,-0.60450,0.60787,1002.14,1000,-2.14,51.03,205,2.2641,0.1531,LOCK,2,misalignment
430,3804100,4301,4314,0.01560,0.23400,-0.78390,0.81823,1002.13,1000,-2.13,51.03,205,2.2637,0.1473,LOCK,2,misalignment
431,3804108,4309,4322,-0.14430,-0.00780,-0.79170,0.80478,1002.12,1000,-2.12,51.03,205,2.2525,-0.0221,LOCK,2,misalignment
432,3804117,4318,4331,-0.24180,-0.03510,-0.91650,0.94851,1002.12,1000,-2.12,51.03,205,2.2506,-0.0517,LOCK,2,misalignment
433,3804127,4328,4341,-0.03120,-0.07800,-0.96720,0.97084,1002.07,1000,-2.07,51.03,205,2.2296,-0.3698,LOCK,2,misalignment
434,3804137,4338,4351,0.15990,-0.06630,-0.77610,0.79517,1002.05,1000,-2.05,51.03,205,2.2613,0.1113,LOCK,2,misalignment
435,3804147,4348,4361,-0.05850,0.00780,-0.60060,0.60349,1002.04,1000,-2.04,51.03,205,2.2604,0.0970,LOCK,2,misalignment
436,3804157,4358,4371,-0.08580,0.21060,-0.70200,0.73791,1001.97,1000,-1.97,51.03,205,2.2524,-0.0236,LOCK,2,misalignment
437,3804167,4368,4381,-0.12480,0.19500,-0.87360,0.90376,1001.94,1000,-1.94,51.03,205,2.2461,-0.1195,LOCK,2,misalignment
438,3804177,4378,4391,-0.12480,0.19500,-0.87360,0.90376,1001.94,1000,-1.94,51.03,205,2.2400,-0.2129,LOCK,2,misalignment
439,3804187,4388,4401,-0.31590,0.11700,-0.85020,0.91451,1001.94,1000,-1.94,51.03,205,2.2449,-0.1381,LOCK,2,misalignment
440,3804197,4398,4411,-0.03510,-0.06630,-1.02960,1.03233,1001.93,1000,-1.93,51.03,205,2.2633,0.1412,LOCK,2,misalignment
441,3804207,4408,4421,0.21840,-0.11700,-0.75270,0.79243,1001.93,1000,-1.93,51.03,205,2.2387,-0.2312,LOCK,2,misalignment
442,3804217,4418,4431,-0.16380,0.03900,-0.49530,0.52314,1001.84,1000,-1.84,51.03,205,2.2487,-0.0810,LOCK,2,misalignment
443,3804227,4428,4441,-0.11310,0.01560,-0.69810,0.70737,1001.82,1000,-1.82,51.03,205,2.2507,-0.0493,LOCK,2,misalignment
444,3804237,4438,4451,-0.10920,0.12480,-0.90090,0.91604,1001.81,1000,-1.81,51.03,205,2.2571,0.0475,LOCK,2,misalignment
445,3804247,4448,4461,-0.19110,0.23400,-0.95940,1.00584,1001.81,1000,-1.81,51.03,205,2.2619,0.1202,LOCK,2,misalignment
446,3804257,4458,4471,-0.05850,0.09360,-0.93990,0.94636,1001.81,1000,-1.81,51.03,205,2.2440,-0.1515,LOCK,2,misalignment
447,3804267,4468,4481,0.23400,-0.10530,-0.75270,0.79524,1001.81,1000,-1.81,51.03,205,2.2251,-0.4381,LOCK,2,misalignment
448,3804277,4478,4491,-0.01950,0.08190,-0.62400,0.62965,1001.74,1000,-1.74,51.03,205,2.2504,-0.0544,LOCK,2,misalignment
449,3804287,4488,4501,-0.13260,-0.09360,-0.60450,0.62591,1001.72,1000,-1.72,51.03,205,2.2455,-0.1286,LOCK,2,misalignment
450,3804301,4502,4515,-0.30420,0.19500,-0.93990,1.00696,1001.72,1000,-1.72,51.03,205,2.2603,0.0951,LOCK,2,misalignment
451,3804309,4510,4523,-0.30420,0.19500,-0.93990,1.00696,1001.72,1000,-1.72,51.03,205,2.2401,-0.2113,LOCK,2,misalignment
452,3804318,4519,4532,0.04290,0.10920,-0.96720,0.97429,1001.72,1000,-1.72,51.03,205,2.2521,-0.0291,LOCK,2,misalignment
453,3804327,4528,4541,0.21060,-0.14430,-0.61620,0.66699,1001.72,1000,-1.72,51.03,205,2.2389,-0.2284,LOCK,2,misalignment
454,3804337,4538,4551,0.05070,0.24180,-0.71760,0.75894,1001.62,1000,-1.62,51.03,205,2.2498,-0.0642,LOCK,2,misalignment
455,3804347,4548,4561,-0.09360,-0.08190,-0.65520,0.66690,1001.59,1000,-1.59,51.03,205,2.2629,0.1345,LOCK,2,misalignment
456,3804357,4558,4571,-0.39000,-0.18330,-0.72540,0.84374,1001.58,1000,-1.58,51.03,205,2.2412,-0.1933,LOCK,2,misalignment
457,3804367,4568,4581,-0.16770,0.08190,-0.89700,0.91621,1001.58,1000,-1.58,51.03,205,2.2552,0.0176,LOCK,2,misalignment
458,3804377,4578,4591,-0.03900,0.07800,-0.75270,0.75773,1001.58,1000,-1.58,51.03,205,2.2392,-0.2245,LOCK,2,misalignment
459,3804387,4588,4601,0.02730,-0.05460,-0.59670,0.59981,1001.58,1000,-1.58,51.03,205,2.2585,0.0677,LOCK,2,misalignment
460,3804397,4598,4611,-0.12870,0.16770,-0.58500,0.62202,1001.56,1000,-1.56,51.03,205,2.2590,0.0753,LOCK,2,misalignment
461,3804407,4608,4621,-0.11700,-0.01560,-0.70980,0.71955,1001.50,1000,-1.50,51.03,205,2.2524,-0.0242,LOCK,2,misalignment
462,3804417,4618,4631,-0.26520,-0.10140,-0.90090,0.94458,1001.48,1000,-1.48,51.03,205,2.2506,-0.0520,LOCK,2,misalignment
463,3804427,4628,4641,-0.15600,-0.03900,-0.97890,0.99202,1001.47,1000,-1.47,51.03,205,2.2345,-0.2962,LOCK,2,misalignment
464,3804437,4638,4651,0.07410,0.03900,-0.84240,0.84655,1001.47,1000,-1.47,51.03,205,2.2495,-0.0676,LOCK,2,misalignment
465,3804447,4648,4661,0.05850,0.08970,-0.63570,0.64466,1001.47,1000,-1.47,51.03,205,2.2588,0.0725,LOCK,2,misalignment
466,3804457,4658,4671,0.08190,0.02730,-0.73710,0.74214,1001.35,1000,-1.35,51.03,205,2.2411,-0.1955,LOCK,2,misalignment
467,3804467,4668,4681,-0.17940,0.03510,-0.71370,0.73674,1001.31,1000,-1.31,51.03,205,2.2430,-0.1668,LOCK,2,misalignment
468,3804477,4678,4691,-0.18330,-0.10530,-0.90480,0.92917,1001.30,1000,-1.30,51.03,205,2.2376,-0.2489,LOCK,2,misalignment
469,3804487,4688,4701,-0.02730,-0.03900,-1.00230,1.00343,1001.30,1000,-1.30,51.03,205,2.2582,0.0634,LOCK,2,misalignment
470,3804504,4705,4718,0.13260,-0.06630,-0.82290,0.83615,1001.30,1000,-1.30,51.03,205,2.2617,0.1174,LOCK,2,misalignment
471,3804512,4713,4726,-0.00780,0.00780,-0.59670,0.59680,1001.29,1000,-1.29,51.03,205,2.2519,-0.0312,LOCK,2,misalignment
472,3804520,4721,4734,-0.03120,0.06630,-0.69030,0.69418,1001.27,1000,-1.27,51.03,205,2.2398,-0.2144,LOCK,2,misalignment
473,3804529,4730,4743,-0.11700,-0.03510,-0.78000,0.78951,1001.26,1000,-1.26,51.03,205,2.2270,-0.4095,LOCK,2,misalignment
474,3804537,4738,4751,-0.35490,0.08580,-0.92040,0.99018,1001.25,1000,-1.25,51.03,205,2.2352,-0.2843,LOCK,2,misalignment
475,3804547,4748,4761,-0.05850,0.11310,-1.13100,1.13815,1001.24,1000,-1.24,51.03,205,2.2696,0.2358,LOCK,2,misalignment
476,3804557,4758,4771,0.20670,-0.02340,-0.78000,0.80726,1001.20,1000,-1.20,51.03,205,2.2620,0.1211,LOCK,2,misalignment
477,3804567,4768,4781,0.20670,-0.02340,-0.78000,0.80726,1001.17,1000,-1.17,51.03,205,2.2291,-0.3768,LOCK,2,misalignment
478,3804577,4778,4791,-0.12480,0.04290,-0.56940,0.58449,1001.02,1000,-1.02,51.03,205,2.2419,-0.1839,LOCK,2,misalignment
479,3804587,4788,4801,-0.07020,0.17550,-0.70590,0.73077,1000.99,1000,-0.99,51.03,205,2.2467,-0.1109,LOCK,2,misalignment
480,3804597,4798,4811,-0.11310,0.08970,-0.78780,0.80092,1000.98,1000,-0.98,51.03,205,2.2599,0.0899,LOCK,2,misalignment
481,3804607,4808,4821,-0.15600,0.14040,-0.89700,0.92123,1000.98,1000,-0.98,51.03,205,2.2639,0.1501,LOCK,2,misalignment
482,3804617,4818,4831,-0.08970,0.06240,-0.86970,0.87654,1000.98,1000,-0.98,51.03,205,2.2350,-0.2883,LOCK,2,misalignment
483,3804627,4828,4841,0.19890,-0.05070,-0.77220,0.79901,1000.98,1000,-0.98,51.03,205,2.2483,-0.0871,LOCK,2,misalignment
484,3804637,4838,4851,-0.12090,0.16770,-0.54210,0.58018,1000.86,1000,-0.86,51.03,205,2.2489,-0.0767,LOCK,2,misalignment
485,3804647,4848,4861,-0.11310,-0.00780,-0.69420,0.70340,1000.83,1000,-0.83,51.03,205,2.2665,0.1894,LOCK,2,misalignment
486,3804657,4858,4871,-0.13650,-0.00390,-0.93990,0.94977,1000.82,1000,-0.82,51.03,205,2.2626,0.1302,LOCK,2,misalignment
487,3804667,4868,4881,-0.27690,0.26520,-0.97890,1.05131,1000.82,1000,-0.82,51.03,205,2.2363,-0.2684,LOCK,2,misalignment
488,3804677,4878,4891,-0.03900,0.05460,-0.89310,0.89562,1000.82,1000,-0.82,51.03,205,2.2464,-0.1158,LOCK,2,misalignment
489,3804687,4888,4901,0.24180,-0.06240,-0.70200,0.74509,1000.82,1000,-0.82,51.03,205,2.2413,-0.1918,LOCK,2,misalignment
490,3804697,4898,4911,0.06630,0.26910,-0.74100,0.79113,1000.64,1000,-0.64,51.03,205,2.2583,0.0658,LOCK,2,misalignment
491,3804710,4911,4924,-0.10920,-0.15210,-0.56550,0.59569,1000.63,1000,-0.63,51.03,205,2.2605,0.0979,LOCK,2,misalignment
492,3804719,4920,4933,-0.25740,-0.30810,-0.74880,0.84964,1000.63,1000,-0.63,51.03,205,2.2497,-0.0651,LOCK,2,misalignment
493,3804727,4928,4941,-0.21840,0.14040,-0.87750,0.91510,1000.62,1000,-0.62,51.03,205,2.2519,-0.0319,LOCK,2,misalignment
494,3804737,4938,4951,-0.06240,0.04680,-0.78390,0.78777,1000.59,1000,-0.59,51.03,205,2.2584,0.0667,LOCK,2,misalignment
495,3804747,4948,4961,0.15210,-0.13260,-0.60840,0.64099,1000.57,1000,-0.57,51.03,205,2.2613,0.1113,LOCK,2,misalignment
496,3804757,4958,4971,-0.01950,0.21840,-0.62400,0.66140,1000.45,1000,-0.45,51.03,205,2.2600,0.0902,LOCK,2,misalignment
497,3804767,4968,4981,-0.16380,-0.12480,-0.55770,0.59450,1000.41,1000,-0.41,51.03,205,2.2415,-0.1891,LOCK,2,misalignment
498,3804777,4978,4991,-0.41730,-0.17550,-0.74490,0.87167,1000.40,1000,-0.40,51.03,205,2.2478,-0.0941,LOCK,2,misalignment
499,3804787,4988,5001,-0.17940,-0.05850,-0.91260,0.93190,1000.40,1000,-0.40,51.03,205,2.2334,-0.3115,LOCK,2,misalignment
500,3804797,4998,5011,-0.03120,0.00780,-0.74880,0.74949,1000.40,1000,-0.40,51.03,205,2.2542,0.0036,LOCK,2,misalignment
501,3804809,5010,5023,0.01950,-0.10140,-0.63570,0.64403,1000.39,1000,-0.39,51.03,205,2.2610,0.1055,LOCK,2,misalignment
502,3804818,5019,5032,0.00780,0.14430,-0.81900,0.83165,1000.37,1000,-0.37,51.03,205,2.2652,0.1702,LOCK,2,misalignment
503,3804827,5028,5041,-0.17160,-0.00780,-0.69420,0.71514,1000.32,1000,-0.32,51.03,205,2.2469,-0.1082,LOCK,2,misalignment
504,3804837,5038,5051,-0.16770,0.00780,-1.00230,1.01626,1000.27,1000,-0.27,51.03,205,2.2218,-0.4882,LOCK,2,misalignment
505,3804850,5051,5064,-0.10920,-0.02340,-0.97500,0.98138,1000.27,1000,-0.27,51.03,205,2.2660,0.1815,LOCK,2,misalignment
506,3804859,5060,5073,0.08580,-0.21840,-0.83460,0.86696,1000.27,1000,-0.27,51.03,205,2.2634,0.1418,LOCK,2,misalignment
507,3804867,5068,5081,0.03510,-0.04680,-0.57720,0.58016,1000.25,1000,-0.25,51.03,205,2.2241,-0.4528,LOCK,2,misalignment
508,3804877,5078,5091,-0.07020,0.01950,-0.69420,0.69801,1000.14,1000,-0.14,51.03,205,2.2603,0.0957,LOCK,2,misalignment
509,3804887,5088,5101,-0.10530,0.11700,-0.78780,0.80337,1000.09,1000,-0.09,51.03,205,2.2473,-0.1011,LOCK,2,misalignment
510,3804897,5098,5111,-0.23010,0.07410,-0.91260,0.94407,1000.08,1000,-0.08,51.03,205,2.2625,0.1281,LOCK,2,misalignment
511,3804914,5115,5128,-0.09750,-0.01560,-1.13100,1.13530,1000.08,1000,-0.08,51.03,205,2.2627,0.1321,LOCK,2,misalignment
512,3804922,5123,5136,0.16380,-0.04290,-0.78000,0.79817,1000.08,1000,-0.08,51.03,205,2.2425,-0.1741,LOCK,2,misalignment
513,3804931,5132,5145,-0.12090,0.05070,-0.66690,0.67966,1000.06,1000,-0.06,51.03,205,2.2340,-0.3032,LOCK,2,misalignment
514,3804939,5140,5153,-0.12870,0.15210,-0.70590,0.73348,1000.05,1000,-0.05,51.03,205,2.2483,-0.0859,LOCK,2,misalignment
515,3804948,5149,5162,-0.06240,0.09360,-0.82680,0.83442,1000.04,1000,-0.04,51.03,205,2.2527,-0.0200,LOCK,2,misalignment
516,3804958,5159,5172,-0.32760,0.04290,-0.87750,0.93764,1000.03,1000,-0.03,51.03,205,2.2572,0.0490,LOCK,2,misalignment
517,3804967,5168,5181,-0.32760,0.04290,-0.87750,0.93764,1000.00,1000,0.00,51.03,205,2.2645,0.1592,LOCK,2,misalignment
518,3804977,5178,5191,-0.06240,0.08580,-0.92430,0.93037,999.96,1000,0.04,51.03,205,2.2284,-0.3884,LOCK,2,misalignment
519,3804987,5188,5201,0.18330,0.03900,-0.84630,0.86680,999.95,1000,0.05,51.03,205,2.2381,-0.2403,LOCK,2,misalignment
520,3804997,5198,5211,-0.19500,0.12090,-0.51870,0.56718,999.84,1000,0.16,51.03,205,2.2307,-0.3530,LOCK,2,misalignment
521,3805007,5208,5221,-0.11700,-0.05850,-0.68640,0.69875,999.80,1000,0.20,51.03,205,2.2473,-0.1021,LOCK,2,misalignment
522,3805017,5218,5231,-0.08190,-0.04680,-0.85020,0.85542,999.80,1000,0.20,51.03,205,2.2651,0.1678,LOCK,2,misalignment
523,3805027,5228,5241,-0.18330,0.12480,-1.00230,1.02654,999.79,1000,0.21,51.03,205,2.2357,-0.2779,LOCK,2,misalignment
524,3805037,5238,5251,-0.06630,0.18330,-0.94770,0.96754,999.79,1000,0.21,51.03,205,2.2518,-0.0340,LOCK,2,misalignment
525,3805047,5248,5261,0.28860,0.06630,-0.81510,0.86722,999.79,1000,0.21,51.03,205,2.2548,0.0127,LOCK,2,misalignment
526,3805057,5258,5271,0.07020,0.23790,-0.72540,0.76664,999.74,1000,0.26,51.03,205,2.2588,0.0735,LOCK,2,misalignment
527,3805067,5268,5281,-0.15600,-0.17550,-0.54210,0.59077,999.72,1000,0.28,51.03,205,2.2601,0.0930,LOCK,2,misalignment
528,3805077,5278,5291,-0.16380,-0.17550,-0.83070,0.86469,999.71,1000,0.29,51.03,205,2.2546,0.0094,LOCK,2,misalignment
529,3805087,5288,5301,-0.30030,0.21840,-0.92430,0.99610,999.71,1000,0.29,51.03,205,2.2400,-0.2126,LOCK,2,misalignment
530,3805097,5298,5311,0.01170,0.14820,-0.96330,0.97470,999.71,1000,0.29,51.03,205,2.2243,-0.4501,LOCK,2,misalignment
531,3805107,5308,5321,0.29250,-0.11700,-0.69030,0.75879,999.71,1000,0.29,51.03,205,2.2549,0.0136,LOCK,2,misalignment
532,3805120,5321,5334,0.08190,0.08190,-0.65130,0.66152,999.69,1000,0.31,51.03,205,2.2593,0.0799,LOCK,2,misalignment
533,3805128,5329,5342,-0.01170,-0.15600,-0.56940,0.59050,999.68,1000,0.32,51.03,205,2.2385,-0.2355,LOCK,2,misalignment
534,3805137,5338,5351,-0.34320,-0.08970,-0.75270,0.83210,999.66,1000,0.34,51.03,205,2.2372,-0.2553,LOCK,2,misalignment
535,3805147,5348,5361,-0.15990,0.24180,-0.92820,0.97241,999.57,1000,0.43,51.03,205,2.2492,-0.0725,LOCK,2,misalignment
536,3805157,5358,5371,-0.03510,-0.00390,-0.77610,0.77690,999.53,1000,0.47,51.03,205,2.2428,-0.1695,LOCK,2,misalignment
537,3805167,5368,5381,0.10140,-0.21060,-0.67080,0.71036,999.52,1000,0.48,51.03,205,2.2674,0.2026,LOCK,2,misalignment
538,3805177,5378,5391,0.00000,0.15990,-0.72150,0.73901,999.43,1000,0.57,51.03,205,2.2532,-0.0123,LOCK,2,misalignment
539,3805187,5388,5401,-0.13650,0.11700,-0.66690,0.69071,999.40,1000,0.60,51.03,205,2.2462,-0.1176,LOCK,2,misalignment
540,3805197,5398,5411,-0.31200,-0.12870,-0.91260,0.97301,999.40,1000,0.60,51.03,205,2.2431,-0.1649,LOCK,2,misalignment
541,3805207,5408,5421,-0.17940,-0.06630,-0.85410,0.87525,999.40,1000,0.60,51.03,205,2.2518,-0.0340,LOCK,2,misalignment
542,3805217,5418,5431,0.04290,-0.08580,-0.75660,0.76266,999.40,1000,0.60,51.03,205,2.2599,0.0887,LOCK,2,misalignment
543,3805227,5428,5441,0.01950,-0.15210,-0.54990,0.57088,999.40,1000,0.60,51.03,205,2.2640,0.1519,LOCK,2,misalignment
544,3805237,5438,5451,-0.02340,0.25740,-0.90090,0.93724,999.27,1000,0.73,51.03,205,2.2412,-0.1946,LOCK,2,misalignment
545,3805247,5448,5461,-0.10140,0.01950,-0.84240,0.84870,999.23,1000,0.77,51.03,205,2.2508,-0.0490,LOCK,2,misalignment
546,3805257,5458,5471,-0.14430,0.00780,-0.93600,0.94709,999.22,1000,0.78,51.03,205,2.2443,-0.1472,LOCK,2,misalignment
547,3805267,5468,5481,-0.05460,-0.07410,-1.01400,1.01817,999.22,1000,0.78,51.03,205,2.2632,0.1394,LOCK,2,misalignment
548,3805277,5478,5491,0.05070,-0.19110,-0.72150,0.74810,999.22,1000,0.78,51.03,205,2.2394,-0.2208,LOCK,2,misalignment
549,3805287,5488,5501,-0.05460,0.10530,-0.64740,0.65818,999.22,1000,0.78,51.03,205,2.2550,0.0155,LOCK,2,misalignment
550,3805297,5498,5511,-0.12090,0.08580,-0.63960,0.65656,999.09,1000,0.91,51.03,205,2.2419,-0.1830,LOCK,2,misalignment
551,3805307,5508,5521,-0.13650,0.08580,-0.81510,0.83089,999.06,1000,0.94,51.03,205,2.2573,0.0499,LOCK,2,misalignment
552,3805326,5527,5540,-0.30030,0.06630,-0.93990,0.98893,999.06,1000,0.94,51.03,205,2.2616,0.1159,LOCK,2,misalignment
553,3805334,5535,5548,-0.07800,-0.08580,-1.01400,1.02061,999.05,1000,0.95,51.03,205,2.2539,-0.0022,LOCK,2,misalignment
554,3805343,5544,5557,0.13260,0.00000,-0.84630,0.85663,999.05,1000,0.95,51.03,205,2.2565,0.0374,LOCK,2,misalignment
555,3805351,5552,5565,-0.12480,0.07410,-0.56940,0.58761,999.04,1000,0.96,51.03,205,2.2392,-0.2245,LOCK,2,misalignment
556,3805366,5567,5580,-0.14040,0.17940,-0.62400,0.66428,999.03,1000,0.97,51.03,205,2.2592,0.0789,LOCK,2,misalignment
557,3805375,5576,5589,-0.09750,0.11700,-0.79560,0.81005,999.01,1000,0.99,51.03,205,2.2631,0.1379,LOCK,2,misalignment
558,3805383,5584,5597,-0.33540,0.03120,-0.86970,0.93265,999.00,1000,1.00,51.03,205,2.2446,-0.1430,LOCK,2,misalignment
559,3805391,5592,5605,-0.01560,0.16380,-1.00230,1.01572,998.99,1000,1.01,51.03,205,2.2467,-0.1103,LOCK,2,misalignment
560,3805400,5601,5614,0.26910,0.00000,-0.89310,0.93276,998.98,1000,1.02,51.03,205,2.2392,-0.2239,LOCK,2,misalignment
561,3805408,5609,5622,0.01950,0.21060,-0.72540,0.75560,998.98,1000,1.02,51.03,205,2.2538,-0.0035,LOCK,2,misalignment
562,3805423,5624,5637,-0.12090,-0.11310,-0.56940,0.59298,998.97,1000,1.03,51.03,205,2.2587,0.0716,LOCK,2,misalignment
563,3805432,5633,5646,-0.07020,-0.03120,-0.80340,0.80706,998.97,1000,1.03,51.03,205,2.2454,-0.1305,LOCK,2,misalignment
564,3805440,5641,5654,-0.30810,0.14820,-0.90090,0.96359,998.97,1000,1.03,51.03,205,2.2389,-0.2294,LOCK,2,misalignment
565,3805449,5650,5663,-0.30810,0.14820,-0.90090,0.96359,998.96,1000,1.04,51.03,205,2.2472,-0.1033,LOCK,2,misalignment
566,3805457,5658,5671,-0.03510,0.18330,-0.93600,0.95442,998.96,1000,1.04,51.03,205,2.2424,-0.1756,LOCK,2,misalignment
567,3805469,5670,5683,0.30420,-0.03900,-0.74880,0.80917,998.94,1000,1.06,51.03,205,2.2601,0.0930,LOCK,2,misalignment
568,3805478,5679,5692,-0.03900,0.03510,-0.64350,0.64564,998.93,1000,1.07,51.03,205,2.2633,0.1406,LOCK,2,misalignment
569,3805487,5688,5701,-0.09360,-0.14820,-0.60450,0.62940,998.90,1000,1.10,51.03,205,2.2382,-0.2391,LOCK,2,misalignment
570,3805497,5698,5711,-0.13650,0.01560,-0.80730,0.81891,998.82,1000,1.18,51.03,205,2.2346,-0.2938,LOCK,2,misalignment
571,3805507,5708,5721,-0.30810,0.18330,-0.95550,1.02054,998.80,1000,1.20,51.03,205,2.2370,-0.2580,LOCK,2,misalignment
572,3805517,5718,5731,-0.03120,-0.00390,-0.80730,0.80791,998.80,1000,1.20,51.03,205,2.2602,0.0939,LOCK,2,misalignment
573,3805530,5731,5744,0.27690,-0.17550,-0.68250,0.75715,998.79,1000,1.21,51.03,205,2.2570,0.0457,LOCK,2,misalignment
574,3805538,5739,5752,0.03510,0.10140,-0.63570,0.64469,998.79,1000,1.21,51.03,205,2.2467,-0.1106,LOCK,2,misalignment
575,3805547,5748,5761,-0.11310,-0.07410,-0.65130,0.66519,998.78,1000,1.22,51.03,205,2.2421,-0.1802,LOCK,2,misalignment
576,3805557,5758,5771,-0.31200,-0.05850,-0.84630,0.90387,998.75,1000,1.25,51.03,205,2.2423,-0.1765,LOCK,2,misalignment
577,3805567,5768,5781,-0.26910,0.11310,-0.77220,0.82553,998.74,1000,1.26,51.03,205,2.2627,0.1311,LOCK,2,misalignment
578,3805577,5778,5791,0.00780,-0.01560,-0.80730,0.80749,998.74,1000,1.26,51.03,205,2.2586,0.0695,LOCK,2,misalignment
579,3805587,5788,5801,0.05460,-0.26130,-0.55770,0.61829,998.74,1000,1.26,51.03,205,2.2399,-0.2132,LOCK,2,misalignment
580,3805597,5798,5811,0.00000,0.14430,-0.76050,0.77407,998.63,1000,1.37,51.03,205,2.2332,-0.3148,LOCK,2,misalignment
581,3805607,5808,5821,-0.03900,-0.12870,-0.72150,0.73393,998.60,1000,1.40,51.03,205,2.2563,0.0350,LOCK,2,misalignment
582,3805617,5818,5831,-0.32370,-0.06630,-0.86190,0.92306,998.60,1000,1.40,51.03,205,2.2492,-0.0728,LOCK,2,misalignment
583,3805627,5828,5841,-0.12870,-0.01950,-0.99060,0.99912,998.60,1000,1.40,51.03,205,2.2632,0.1391,LOCK,2,misalignment
584,3805637,5838,5851,0.00000,-0.16380,-0.77610,0.79320,998.60,1000,1.40,51.03,205,2.2587,0.0710,LOCK,2,misalignment
585,3805647,5848,5861,-0.04290,0.00780,-0.69420,0.69557,998.60,1000,1.40,51.03,205,2.2331,-0.3170,LOCK,2,misalignment
586,3805657,5858,5871,-0.10920,0.24570,-0.74490,0.79194,998.60,1000,1.40,51.03,205,2.2397,-0.2162,LOCK,2,misalignment
587,3805667,5868,5881,-0.17550,0.06630,-0.71760,0.74172,998.61,1000,1.39,51.03,205,2.2452,-0.1338,LOCK,2,misalignment
588,3805677,5878,5891,-0.14040,-0.19500,-0.83850,0.87225,998.61,1000,1.39,51.03,205,2.2648,0.1638,LOCK,2,misalignment
589,3805687,5888,5901,-0.09750,-0.14430,-0.90480,0.92141,998.61,1000,1.39,51.03,205,2.2406,-0.2025,LOCK,2,misalignment
590,3805697,5898,5911,0.05850,0.07020,-0.79950,0.80471,998.61,1000,1.39,51.03,205,2.2560,0.0301,LOCK,2,misalignment
591,3805707,5908,5921,-0.10140,0.15210,-0.56940,0.59802,998.61,1000,1.39,51.03,205,2.2486,-0.0816,LOCK,2,misalignment
592,3805717,5918,5931,-0.08970,0.08190,-0.63570,0.64720,998.60,1000,1.40,51.03,205,2.2491,-0.0746,LOCK,2,misalignment
593,3805735,5936,5949,-0.15210,-0.05850,-0.76830,0.78539,998.60,1000,1.40,51.03,205,2.2643,0.1565,LOCK,2,misalignment
594,3805743,5944,5957,-0.32760,-0.03900,-0.92430,0.98141,998.60,1000,1.40,51.03,205,2.2388,-0.2297,LOCK,2,misalignment
595,3805752,5953,5966,-0.10920,-0.01950,-1.02180,1.02780,998.60,1000,1.40,51.03,205,2.2507,-0.0502,LOCK,2,misalignment
596,3805760,5961,5974,0.15600,0.00780,-0.89310,0.90666,998.60,1000,1.40,51.03,205,2.2576,0.0539,LOCK,2,misalignment
597,3805768,5969,5982,0.02340,0.23010,-0.78780,0.82105,998.59,1000,1.41,51.03,205,2.2361,-0.2709,LOCK,2,misalignment
598,3805777,5978,5991,0.02340,0.23010,-0.78780,0.82105,998.58,1000,1.42,51.03,205,2.2650,0.1659,LOCK,2,misalignment
599,3805787,5988,6001,-0.15210,0.02340,-0.58500,0.60490,998.55,1000,1.45,51.03,205,2.2595,0.0829,LOCK,2,misalignment
600,3805797,5998,6011,-0.14430,0.12090,-0.86580,0.88603,998.53,1000,1.47,51.03,205,2.2484,-0.0844,LOCK,2,misalignment
601,3805807,6008,6021,-0.28860,0.12090,-0.94770,0.99802,998.53,1000,1.47,51.03,205,2.2557,0.0255,LOCK,2,misalignment
602,3805817,6018,6031,-0.00390,0.08580,-1.05300,1.05650,998.53,1000,1.47,51.03,205,2.2380,-0.2431,LOCK,2,misalignment
603,3805827,6028,6041,0.31200,-0.01170,-0.84630,0.90206,998.53,1000,1.47,51.03,205,2.2494,-0.0697,LOCK,2,misalignment
604,3805837,6038,6051,-0.05070,0.22230,-0.62790,0.66802,998.43,1000,1.57,51.03,205,2.2568,0.0429,LOCK,2,misalignment
605,3805847,6048,6061,-0.05070,0.03510,-0.63570,0.63868,998.40,1000,1.60,51.03,205,2.2346,-0.2941,LOCK,2,misalignment
606,3805857,6058,6071,-0.05850,0.12870,-0.79560,0.80806,998.39,1000,1.61,51.03,205,2.2480,-0.0911,LOCK,2,misalignment
607,3805867,6068,6081,-0.29250,0.15600,-0.97110,1.02612,998.39,1000,1.61,51.03,205,2.2495,-0.0685,LOCK,2,misalignment
608,3805877,6078,6091,-0.05460,0.06630,-0.85410,0.85841,998.39,1000,1.61,51.03,205,2.2383,-0.2382,LOCK,2,misalignment
609,3805937,6138,6151,-0.04680,0.01950,-0.95550,0.95684,998.38,1000,1.62,51.03,205,2.2611,0.1079,LOCK,2,misalignment
610,3805945,6146,6159,0.23400,-0.21060,-0.68250,0.75161,998.37,1000,1.63,51.03,205,2.2611,0.1073,LOCK,2,misalignment
611,3805954,6155,6168,0.02730,0.08970,-0.69030,0.69664,998.37,1000,1.63,51.03,205,2.2604,0.0967,LOCK,2,misalignment
612,3805962,6163,6176,-0.10140,-0.05460,-0.66300,0.67293,998.37,1000,1.63,51.03,205,2.2563,0.0344,LOCK,2,misalignment
613,3805971,6172,6185,-0.10140,-0.05460,-0.66300,0.67293,998.37,1000,1.63,51.03,205,2.2552,0.0176,LOCK,2,misalignment
614,3805979,6180,6193,-0.32760,-0.04680,-0.79560,0.86168,998.37,1000,1.63,51.03,205,2.2654,0.1721,LOCK,2,misalignment
615,3805988,6189,6202,-0.17550,0.15600,-0.90090,0.93100,998.37,1000,1.63,51.03,205,2.2618,0.1177,LOCK,2,misalignment
616,3805996,6197,6210,-0.06630,-0.00390,-0.65520,0.65856,998.37,1000,1.63,51.03,205,2.2550,0.0145,LOCK,2,misalignment
617,3806005,6206,6219,0.01170,-0.03900,-0.65520,0.65646,998.37,1000,1.63,51.03,205,2.2461,-0.1195,LOCK,2,misalignment
618,3806013,6214,6227,0.01170,-0.03900,-0.65520,0.65646,998.37,1000,1.63,51.03,205,2.2473,-0.1011,LOCK,2,misalignment
619,3806021,6222,6235,-0.15210,0.11310,-0.65520,0.68207,998.37,1000,1.63,51.03,205,2.2368,-0.2608,LOCK,2,misalignment
620,3806060,6261,6274,0.09360,-0.10140,-0.79950,0.81132,998.37,1000,1.63,51.03,205,2.2629,0.1345,LOCK,2,misalignment
621,3806068,6269,6282,-0.02730,0.05850,-0.63570,0.63897,998.37,1000,1.63,51.03,205,2.2586,0.0701,LOCK,2,misalignment
622,3806077,6278,6291,-0.01560,0.12480,-0.72540,0.73622,998.36,1000,1.64,51.03,205,2.2595,0.0835,LOCK,2,misalignment
623,3806085,6286,6299,-0.01560,0.12480,-0.72540,0.73622,998.35,1000,1.65,51.03,205,2.2600,0.0902,LOCK,2,misalignment
624,3806094,6295,6308,-0.09750,-0.05070,-0.69810,0.70670,998.35,1000,1.65,51.03,205,2.2444,-0.1451,LOCK,2,misalignment
625,3806102,6303,6316,-0.16380,-0.04680,-0.88140,0.89771,998.34,1000,1.66,51.03,205,2.2273,-0.4043,LOCK,2,misalignment
626,3806110,6311,6324,-0.02730,-0.11700,-0.92040,0.92821,998.34,1000,1.66,51.03,205,2.2593,0.0802,LOCK,2,misalignment
627,3806119,6320,6333,0.08580,-0.08970,-0.81510,0.82450,998.34,1000,1.66,51.03,205,2.2429,-0.1689,LOCK,2,misalignment
628,3806144,6345,6358,-0.17940,0.19500,-0.64350,0.69592,998.34,1000,1.66,51.03,205,2.2579,0.0597,LOCK,2,misalignment
629,3806153,6354,6367,-0.21840,0.10920,-0.71370,0.75431,998.34,1000,1.66,51.03,205,2.2455,-0.1283,LOCK,2,misalignment
630,3806161,6362,6375,-0.30420,0.00780,-0.88920,0.93983,998.34,1000,1.66,51.03,205,2.2326,-0.3240,LOCK,2,misalignment
631,3806169,6370,6383,-0.12870,-0.00390,-1.02960,1.03762,998.34,1000,1.66,51.03,205,2.2369,-0.2587,LOCK,2,misalignment
632,3806178,6379,6392,0.20280,-0.07800,-0.77610,0.80594,998.34,1000,1.66,51.03,205,2.2458,-0.1240,LOCK,2,misalignment
633,3806241,6442,6455,0.22620,-0.00390,-0.90480,0.93265,998.33,1000,1.67,51.03,205,2.2599,0.0890,LOCK,2,misalignment
634,3806249,6450,6463,0.22620,-0.00390,-0.90480,0.93265,998.33,1000,1.67,51.03,205,2.2542,0.0026,LOCK,2,misalignment
635,3806257,6458,6471,-0.00780,0.08580,-0.63180,0.63765,998.32,1000,1.68,51.03,205,2.2535,-0.0074,LOCK,2,misalignment
636,3806266,6467,6480,0.01950,-0.13260,-0.63960,0.65349,998.32,1000,1.68,51.03,205,2.2700,0.2423,LOCK,2,misalignment
637,3806274,6475,6488,0.02730,-0.04680,-0.84630,0.84803,998.31,1000,1.69,51.03,205,2.2602,0.0936,LOCK,2,misalignment
638,3806283,6484,6497,-0.35880,0.15210,-0.99450,1.06813,998.31,1000,1.69,51.03,205,2.2622,0.1241,LOCK,2,misalignment
639,3806291,6492,6505,-0.01950,0.14820,-1.01790,1.02882,998.30,1000,1.70,51.03,205,2.2587,0.0707,LOCK,2,misalignment
640,3806300,6501,6514,-0.01950,0.14820,-1.01790,1.02882,998.30,1000,1.70,51.03,205,2.2362,-0.2693,LOCK,2,misalignment
641,3806308,6509,6522,0.30810,0.00390,-0.79560,0.85318,998.30,1000,1.70,51.03,205,2.2575,0.0536,LOCK,2,misalignment
642,3806317,6518,6531,-0.10140,0.15600,-0.67860,0.70364,998.30,1000,1.70,51.03,205,2.2485,-0.0831,LOCK,2,misalignment
643,3806325,6526,6539,-0.12870,-0.15210,-0.64740,0.67737,998.30,1000,1.70,51.03,205,2.2542,0.0036,LOCK,2,misalignment
644,3806349,6550,6563,-0.29640,0.20670,-0.91260,0.98154,998.31,1000,1.69,51.03,205,2.2512,-0.0422,LOCK,2,misalignment
645,3806357,6558,6571,-0.10530,0.04680,-0.76830,0.77689,998.31,1000,1.69,51.03,205,2.2613,0.1113,LOCK,2,misalignment
646,3806366,6567,6580,0.17160,-0.07800,-0.71370,0.73817,998.31,1000,1.69,51.03,205,2.2613,0.1107,LOCK,2,misalignment
647,3806374,6575,6588,-0.09360,0.09360,-0.54600,0.56182,998.30,1000,1.70,51.03,205,2.2635,0.1440,LOCK,2,misalignment
648,3806382,6583,6596,-0.09360,0.09360,-0.54600,0.56182,998.29,1000,1.71,51.03,205,2.2602,0.0933,LOCK,2,misalignment
649,3806391,6592,6605,-0.15210,0.02730,-0.63960,0.65800,998.29,1000,1.71,51.03,205,2.2615,0.1137,LOCK,2,misalignment
650,3806399,6600,6613,-0.33150,-0.06630,-0.83070,0.89686,998.28,1000,1.72,51.03,205,2.2577,0.0564,LOCK,2,misalignment
651,3806408,6609,6622,-0.29250,0.12090,-0.91650,0.96961,998.28,1000,1.72,51.03,205,2.2456,-0.1280,LOCK,2,misalignment
652,3806416,6617,6630,-0.01560,0.01950,-0.77220,0.77260,998.27,1000,1.73,51.03,205,2.2427,-0.1707,LOCK,2,misalignment
653,3806425,6626,6639,0.12090,-0.01170,-0.72930,0.73935,998.27,1000,1.73,51.03,205,2.2415,-0.1888,LOCK,2,misalignment
654,3806433,6634,6647,0.12090,-0.01170,-0.72930,0.73935,998.25,1000,1.75,51.03,205,2.2551,0.0170,LOCK,2,misalignment
655,3806489,6690,6703,0.10920,-0.10140,-0.65520,0.67193,998.24,1000,1.76,51.03,205,2.2508,-0.0486,LOCK,2,misalignment
656,3806498,6699,6712,-0.04680,0.10530,-0.66300,0.67294,998.22,1000,1.78,51.03,205,2.2669,0.1956,LOCK,2,misalignment
657,3806506,6707,6720,-0.14820,-0.08190,-0.66690,0.68806,998.20,1000,1.80,51.03,205,2.2405,-0.2049,LOCK,2,misalignment
658,3806515,6716,6729,-0.14820,-0.08190,-0.66690,0.68806,998.19,1000,1.81,51.03,205,2.2372,-0.2550,LOCK,2,misalignment
659,3806523,6724,6737,-0.22230,-0.02340,-0.78390,0.81515,998.17,1000,1.83,51.03,205,2.2542,0.0026,LOCK,2,misalignment
660,3806532,6733,6746,-0.03510,-0.14820,-0.97110,0.98297,998.16,1000,1.84,51.03,205,2.2450,-0.1359,LOCK,2,misalignment
661,3806551,6752,6765,-0.02340,-0.08970,-0.64740,0.65400,998.15,1000,1.85,51.03,205,2.2646,0.1611,LOCK,2,misalignment
662,3806560,6761,6774,-0.04680,0.15600,-0.77220,0.78919,998.15,1000,1.85,51.03,205,2.2487,-0.0801,LOCK,2,misalignment
663,3806568,6769,6782,-0.10530,0.22620,-0.88530,0.91979,998.15,1000,1.85,51.03,205,2.2473,-0.1015,LOCK,2,misalignment
664,3806577,6778,6791,-0.10530,0.22620,-0.88530,0.91979,998.14,1000,1.86,51.03,205,2.2477,-0.0960,LOCK,2,misalignment
665,3806585,6786,6799,-0.24180,0.13650,-0.96330,1.00252,998.14,1000,1.86,51.03,205,2.2510,-0.0459,LOCK,2,misalignment
666,3806593,6794,6807,-0.17940,0.00390,-0.93600,0.95305,998.14,1000,1.86,51.03,205,2.2589,0.0738,LOCK,2,misalignment
667,3806602,6803,6816,0.21450,-0.15600,-0.85800,0.89806,998.14,1000,1.86,51.03,205,2.2583,0.0658,LOCK,2,misalignment
668,3806610,6811,6824,-0.03120,0.08970,-0.63570,0.64276,998.14,1000,1.86,51.03,205,2.2420,-0.1823,LOCK,2,misalignment
669,3806619,6820,6833,-0.03120,0.08970,-0.63570,0.64276,998.14,1000,1.86,51.03,205,2.2520,-0.0303,LOCK,2,misalignment
670,3806627,6828,6841,-0.08580,-0.05460,-0.64740,0.65534,998.13,1000,1.87,51.03,205,2.2562,0.0341,LOCK,2,misalignment
671,3806636,6837,6850,-0.05460,0.00000,-0.77610,0.77802,998.13,1000,1.87,51.03,205,2.2304,-0.3579,LOCK,2,misalignment
672,3806651,6852,6865,-0.01950,0.06630,-1.11150,1.11365,998.13,1000,1.87,51.03,205,2.2642,0.1553,LOCK,2,misalignment
673,3806659,6860,6873,-0.01950,0.06630,-1.11150,1.11365,998.13,1000,1.87,51.03,205,2.2551,0.0173,LOCK,2,misalignment
674,3806668,6869,6882,0.26130,-0.02340,-0.85020,0.88976,998.13,1000,1.87,51.03,205,2.2563,0.0347,LOCK,2,misalignment
675,3806676,6877,6890,-0.10920,0.28080,-0.72150,0.78188,998.12,1000,1.88,51.03,205,2.2596,0.0844,LOCK,2,misalignment
676,3806685,6886,6899,-0.04680,-0.04290,-0.62790,0.63110,998.12,1000,1.88,51.03,205,2.2518,-0.0331,LOCK,2,misalignment
677,3806693,6894,6907,-0.08190,-0.08580,-0.78780,0.79668,998.11,1000,1.89,51.03,205,2.2456,-0.1271,LOCK,2,misalignment
678,3806701,6902,6915,-0.27690,0.06630,-0.90480,0.94854,998.11,1000,1.89,51.03,205,2.2608,0.1031,LOCK,2,misalignment
679,3806710,6911,6924,-0.27690,0.06630,-0.90480,0.94854,998.11,1000,1.89,51.03,205,2.2452,-0.1335,LOCK,2,misalignment
680,3806718,6919,6932,-0.06630,0.13260,-0.81510,0.82847,998.10,1000,1.90,51.03,205,2.2532,-0.0120,LOCK,2,misalignment
681,3806727,6928,6941,0.25350,0.03120,-0.83850,0.87654,998.10,1000,1.90,51.03,205,2.2485,-0.0841,LOCK,2,misalignment
682,3806735,6936,6949,-0.18720,0.14040,-0.60450,0.64821,998.09,1000,1.91,51.03,205,2.2397,-0.2168,LOCK,2,misalignment
683,3806759,6960,6973,-0.13260,-0.05460,-0.81900,0.83146,998.07,1000,1.93,51.03,205,2.2654,0.1724,LOCK,2,misalignment
684,3806767,6968,6981,-0.29250,0.12480,-0.93600,0.98855,998.06,1000,1.94,51.03,205,2.2228,-0.4733,LOCK,2,misalignment
685,3806775,6976,6989,-0.10530,0.07800,-0.76440,0.77555,998.05,1000,1.95,51.03,205,2.2438,-0.1543,LOCK,2,misalignment
686,3806784,6985,6998,0.21840,-0.01560,-0.69420,0.72791,998.04,1000,1.96,51.03,205,2.2381,-0.2413,LOCK,2,misalignment
687,3806814,7015,7028,-0.28860,-0.11700,-0.90480,0.95689,998.05,1000,1.95,51.03,205,2.2395,-0.2199,LOCK,2,misalignment
688,3806854,7055,7068,0.14040,-0.07800,-0.63570,0.65568,998.06,1000,1.94,51.03,205,2.2655,0.1742,LOCK,2,misalignment
689,3806862,7063,7076,0.05850,0.07020,-0.74490,0.75048,998.07,1000,1.93,51.03,205,2.2643,0.1568,LOCK,2,misalignment
690,3806871,7072,7085,-0.05850,-0.07020,-0.70980,0.71566,998.07,1000,1.93,51.03,205,2.2617,0.1165,LOCK,2,misalignment
691,3806879,7080,7093,-0.26910,-0.10920,-0.84240,0.89105,998.08,1000,1.92,51.03,205,2.2639,0.1507,LOCK,2,misalignment
692,3806888,7089,7102,-0.13260,0.03900,-1.01010,1.01951,998.08,1000,1.92,51.03,205,2.2597,0.0869,LOCK,2,misalignment
693,3806896,7097,7110,0.01560,-0.10140,-0.74100,0.74807,998.09,1000,1.91,51.03,205,2.2607,0.1009,LOCK,2,misalignment
694,3806905,7106,7119,0.01560,-0.10140,-0.74100,0.74807,998.09,1000,1.91,51.03,205,2.2626,0.1308,LOCK,2,misalignment
695,3806913,7114,7127,0.02730,-0.14820,-0.65130,0.66851,998.10,1000,1.90,51.03,205,2.2414,-0.1903,LOCK,2,misalignment
696,3806922,7123,7136,-0.05070,0.03120,-0.68250,0.68509,998.10,1000,1.90,51.03,205,2.2461,-0.1201,LOCK,2,misalignment
697,3806930,7131,7144,-0.20670,-0.03510,-0.63570,0.66938,998.11,1000,1.89,51.03,205,2.2535,-0.0071,LOCK,2,misalignment
698,3806939,7140,7153,-0.21060,0.03510,-0.92040,0.94484,998.11,1000,1.89,51.03,205,2.2572,0.0490,LOCK,2,misalignment
699,3806962,7163,7176,0.13650,-0.15990,-0.85800,0.88338,998.12,1000,1.88,51.03,205,2.2601,0.0927,LOCK,2,misalignment
700,3806970,7171,7184,-0.06240,0.05070,-0.67860,0.68335,998.12,1000,1.88,51.03,205,2.2625,0.1293,LOCK,2,misalignment
701,3806979,7180,7193,-0.10530,0.02340,-0.77220,0.77970,998.12,1000,1.88,51.03,205,2.2611,0.1076,LOCK,2,misalignment
702,3806987,7188,7201,-0.10530,0.02340,-0.77220,0.77970,998.12,1000,1.88,51.03,205,2.2615,0.1141,LOCK,2,misalignment
703,3806996,7197,7210,-0.08190,0.14430,-0.81510,0.83182,998.12,1000,1.88,51.03,205,2.2609,0.1046,LOCK,2,misalignment
704,3807004,7205,7218,-0.30420,0.05850,-0.91260,0.96374,998.12,1000,1.88,51.03,205,2.2632,0.1388,LOCK,2,misalignment
705,3807013,7214,7227,-0.12870,-0.00390,-1.01010,1.01827,998.12,1000,1.88,51.03,205,2.2580,0.0600,LOCK,2,misalignment
706,3807021,7222,7235,0.14820,-0.21450,-0.69420,0.74154,998.12,1000,1.88,51.03,205,2.2482,-0.0886,LOCK,2,misalignment
707,3807030,7231,7244,-0.05850,0.30420,-0.69420,0.76018,998.12,1000,1.88,51.03,205,2.2522,-0.0267,LOCK,2,misalignment
708,3807038,7239,7252,-0.05850,0.30420,-0.69420,0.76018,998.12,1000,1.88,51.03,205,2.2421,-0.1802,LOCK,2,misalignment
709,3807047,7248,7261,-0.19500,-0.00390,-0.60450,0.63519,998.11,1000,1.89,51.03,205,2.2464,-0.1146,LOCK,2,misalignment
710,3807058,7259,7272,-0.02730,0.00780,-0.86580,0.86627,998.11,1000,1.89,51.03,205,2.2514,-0.0398,LOCK,2,misalignment
711,3807066,7267,7280,-0.24960,0.06630,-0.87750,0.91471,998.11,1000,1.89,51.03,205,2.2646,0.1601,LOCK,2,misalignment
712,3807075,7276,7289,-0.06630,0.10920,-1.02180,1.02975,998.11,1000,1.89,51.03,205,2.2400,-0.2123,LOCK,2,misalignment
713,3807083,7284,7297,0.24180,0.10530,-0.88920,0.92749,998.11,1000,1.89,51.03,205,2.2435,-0.1595,LOCK,2,misalignment
714,3807091,7292,7305,-0.13260,0.22230,-0.54990,0.60777,998.10,1000,1.90,51.03,205,2.2461,-0.1201,LOCK,2,misalignment
715,3807100,7301,7314,-0.13260,0.22230,-0.54990,0.60777,998.09,1000,1.91,51.03,205,2.2555,0.0234,LOCK,2,misalignment
716,3807109,7310,7323,-0.10140,0.14430,-0.59280,0.61848,998.09,1000,1.91,51.03,205,2.2655,0.1745,LOCK,2,misalignment
717,3807117,7318,7331,-0.12090,0.02730,-0.72540,0.73591,998.08,1000,1.92,51.03,205,2.2595,0.0835,LOCK,2,misalignment
718,3807126,7327,7340,-0.33540,0.05850,-0.90090,0.96309,998.08,1000,1.92,51.03,205,2.2413,-0.1924,LOCK,2,misalignment
719,3807134,7335,7348,-0.07800,0.12870,-0.85020,0.86342,998.08,1000,1.92,51.03,205,2.2408,-0.2007,LOCK,2,misalignment
720,3807142,7343,7356,0.31200,0.11700,-0.85020,0.91317,998.07,1000,1.93,51.03,205,2.2437,-0.1558,LOCK,2,misalignment
721,3807151,7352,7365,0.31200,0.11700,-0.85020,0.91317,998.07,1000,1.93,51.03,205,2.2537,-0.0044,LOCK,2,misalignment
722,3807199,7400,7413,0.00780,0.08580,-0.92430,0.92831,998.07,1000,1.93,51.03,205,2.2511,-0.0435,LOCK,2,misalignment
723,3807208,7409,7422,0.33540,-0.16380,-0.70200,0.79506,998.07,1000,1.93,51.03,205,2.2639,0.1498,LOCK,2,misalignment
724,3807216,7417,7430,0.11700,-0.03510,-0.65910,0.67032,998.07,1000,1.93,51.03,205,2.2562,0.0332,LOCK,2,misalignment
725,3807225,7426,7439,-0.03120,0.00390,-0.62400,0.62479,998.07,1000,1.93,51.03,205,2.2270,-0.4098,LOCK,2,misalignment
726,3807233,7434,7447,-0.03120,0.00390,-0.62400,0.62479,998.07,1000,1.93,51.03,205,2.2661,0.1827,LOCK,2,misalignment
727,3807241,7442,7455,-0.25740,-0.04290,-0.77220,0.81510,998.07,1000,1.93,51.03,205,2.2414,-0.1912,LOCK,2,misalignment
728,3807250,7451,7464,-0.23400,0.16770,-0.98280,1.02410,998.07,1000,1.93,51.03,205,2.2411,-0.1952,LOCK,2,misalignment
729,3807265,7466,7479,0.00780,-0.08970,-0.77220,0.77743,998.07,1000,1.93,51.03,205,2.2608,0.1025,LOCK,2,misalignment
730,3807273,7474,7487,0.07020,-0.15210,-0.72150,0.74069,998.07,1000,1.93,51.03,205,2.2621,0.1229,LOCK,2,misalignment
731,3807282,7483,7496,-0.02340,0.10530,-0.76050,0.76811,998.07,1000,1.93,51.03,205,2.2583,0.0655,LOCK,2,misalignment
732,3807290,7491,7504,-0.09750,0.13650,-0.77610,0.79402,998.07,1000,1.93,51.03,205,2.2545,0.0078,LOCK,2,misalignment
733,3807298,7499,7512,-0.25350,-0.02340,-0.88140,0.91743,998.07,1000,1.93,51.03,205,2.2315,-0.3408,LOCK,2,misalignment
734,3807307,7508,7521,-0.22620,0.06630,-0.89700,0.92745,998.07,1000,1.93,51.03,205,2.2468,-0.1097,LOCK,2,misalignment
735,3807315,7516,7529,-0.22620,0.06630,-0.89700,0.92745,998.07,1000,1.93,51.03,205,2.2366,-0.2638,LOCK,2,misalignment
736,3807366,7567,7580,-0.18720,0.05850,-0.92430,0.94488,998.08,1000,1.92,51.03,205,2.2614,0.1116,LOCK,2,misalignment
737,3807374,7575,7588,-0.03510,0.03120,-1.01400,1.01509,998.08,1000,1.92,51.03,205,2.2605,0.0988,LOCK,2,misalignment
738,3807383,7584,7597,0.10140,-0.07020,-0.81120,0.82052,998.08,1000,1.92,51.03,205,2.2371,-0.2565,LOCK,2,misalignment
739,3807391,7592,7605,0.04680,0.21060,-0.81120,0.83940,998.08,1000,1.92,51.03,205,2.2495,-0.0682,LOCK,2,misalignment
740,3807404,7605,7618,-0.10530,0.23010,-0.70590,0.74989,998.06,1000,1.94,51.03,205,2.2555,0.0231,LOCK,2,misalignment
741,3807413,7614,7627,-0.13650,0.12090,-0.72540,0.74797,998.05,1000,1.95,51.03,205,2.2559,0.0289,LOCK,2,misalignment
742,3807422,7623,7636,-0.29250,-0.03120,-0.84630,0.89597,998.03,1000,1.97,51.03,205,2.2632,0.1400,LOCK,2,misalignment
743,3807430,7631,7644,-0.15210,-0.04680,-0.90870,0.92253,998.02,1000,1.98,51.03,205,2.2393,-0.2232,LOCK,2,misalignment
744,3807438,7639,7652,-0.15210,-0.04680,-0.90870,0.92253,998.01,1000,1.99,51.03,205,2.2439,-0.1530,LOCK,2,misalignment
745,3807447,7648,7661,0.13650,0.07020,-0.79950,0.81410,998.00,1000,2.00,51.03,205,2.2394,-0.2211,LOCK,2,misalignment
746,3807455,7656,7669,-0.12090,0.22620,-0.64740,0.69635,998.00,1000,2.00,51.03,205,2.2315,-0.3408,LOCK,2,misalignment
747,3807469,7670,7683,-0.12480,0.04290,-0.67080,0.68366,998.01,1000,1.99,51.03,205,2.2611,0.1079,LOCK,2,misalignment
748,3807478,7679,7692,-0.05070,0.03120,-0.90480,0.90676,998.01,1000,1.99,51.03,205,2.2556,0.0243,LOCK,2,misalignment
749,3807486,7687,7700,-0.33150,0.05850,-0.95940,1.01674,998.01,1000,1.99,51.03,205,2.2625,0.1284,LOCK,2,misalignment
750,3807495,7696,7709,-0.06240,0.00390,-0.95160,0.95365,998.01,1000,1.99,51.03,205,2.2633,0.1415,LOCK,2,misalignment
751,3807503,7704,7717,0.22230,0.00000,-0.86580,0.89388,998.01,1000,1.99,51.03,205,2.2612,0.1086,LOCK,2,misalignment
752,3807512,7713,7726,0.22230,0.00000,-0.86580,0.89388,998.01,1000,1.99,51.03,205,2.2609,0.1040,LOCK,2,misalignment
753,3807520,7721,7734,0.03900,0.12090,-0.66300,0.67506,997.99,1000,2.01,51.03,205,2.2596,0.0848,LOCK,2,misalignment
754,3807529,7730,7743,-0.14820,-0.03120,-0.51480,0.53662,997.96,1000,2.04,51.03,205,2.2320,-0.3328,LOCK,2,misalignment
755,3807537,7738,7751,-0.13260,0.01170,-0.74490,0.75670,997.94,1000,2.06,51.03,205,2.2523,-0.0254,LOCK,2,misalignment
756,3807545,7746,7759,-0.34710,0.11700,-0.90480,0.97613,997.92,1000,2.08,51.03,205,2.2390,-0.2275,LOCK,2,misalignment
757,3807554,7755,7768,-0.06240,0.06630,-1.00620,1.01031,997.90,1000,2.10,51.03,205,2.2298,-0.3673,LOCK,2,misalignment
758,3807572,7773,7786,0.31590,-0.07800,-0.83070,0.89215,997.88,1000,2.12,51.03,205,2.2591,0.0777,LOCK,2,misalignment
759,3807580,7781,7794,-0.07800,0.13650,-0.61230,0.63216,997.85,1000,2.15,51.03,205,2.2381,-0.2406,LOCK,2,misalignment
760,3807589,7790,7803,-0.10920,-0.02730,-0.60060,0.61106,997.82,1000,2.18,51.03,205,2.2449,-0.1381,LOCK,2,misalignment
761,3807597,7798,7811,-0.14040,0.03900,-0.79560,0.80883,997.80,1000,2.20,51.03,205,2.2517,-0.0355,LOCK,2,misalignment
762,3807626,7827,7840,0.30420,-0.08580,-0.79560,0.85608,997.77,1000,2.23,51.03,205,2.2615,0.1131,LOCK,2,misalignment
763,3807634,7835,7848,0.30420,-0.08580,-0.79560,0.85608,997.74,1000,2.26,51.03,205,2.2387,-0.2312,LOCK,2,misalignment
764,3807642,7843,7856,0.06630,0.09360,-0.67470,0.68438,997.70,1000,2.30,51.03,205,2.2503,-0.0554,LOCK,2,misalignment
765,3807651,7852,7865,-0.08190,-0.05460,-0.65520,0.66255,997.67,1000,2.33,51.03,205,2.2293,-0.3747,LOCK,2,misalignment
766,3807659,7860,7873,-0.07800,-0.12870,-0.89310,0.90569,997.64,1000,2.36,51.03,205,2.2437,-0.1564,LOCK,2,misalignment
767,3807674,7875,7888,-0.21840,0.09360,-0.90870,0.93925,997.62,1000,2.38,51.03,205,2.2613,0.1101,LOCK,2,misalignment
768,3807683,7884,7897,-0.01170,-0.07410,-0.86190,0.86516,997.60,1000,2.40,51.03,205,2.2571,0.0463,LOCK,2,misalignment
769,3807691,7892,7905,0.19110,-0.19110,-0.65130,0.70515,997.58,1000,2.42,51.03,205,2.2171,-0.5593,LOCK,2,misalignment
770,3807700,7901,7914,0.03510,0.09750,-0.67470,0.68261,997.54,1000,2.46,51.03,205,2.2519,-0.0325,LOCK,2,misalignment
771,3807708,7909,7922,-0.09360,-0.00780,-0.70980,0.71599,997.51,1000,2.49,51.03,205,2.2378,-0.2452,LOCK,2,misalignment
772,3807721,7922,7935,-0.39780,0.01950,-0.86580,0.95301,997.49,1000,2.51,51.03,205,2.2631,0.1372,LOCK,2,misalignment
773,3807729,7930,7943,-0.22620,0.14040,-0.96720,1.00317,997.46,1000,2.54,51.03,205,2.2631,0.1379,LOCK,2,misalignment
774,3807737,7938,7951,-0.02340,-0.05460,-0.74100,0.74338,997.44,1000,2.56,51.03,205,2.2373,-0.2526,LOCK,2,misalignment
775,3807746,7947,7960,-0.02340,-0.05460,-0.74100,0.74338,997.42,1000,2.58,51.03,205,2.2637,0.1476,LOCK,2,misalignment
776,3807754,7955,7968,0.00780,-0.04680,-0.70980,0.71138,997.40,1000,2.60,51.03,205,2.2497,-0.0648,LOCK,2,misalignment
777,3807763,7964,7977,-0.04290,0.20670,-0.70590,0.73679,997.37,1000,2.63,51.03,205,2.2470,-0.1057,LOCK,2,misalignment
778,3807780,7981,7994,-0.19500,-0.05460,-0.86970,0.89296,997.35,1000,2.65,51.03,205,2.2623,0.1257,LOCK,2,misalignment
779,3807788,7989,8002,-0.19500,-0.05460,-0.86970,0.89296,997.33,1000,2.67,51.03,205,2.2603,0.0951,LOCK,2,misalignment
780,3807797,7998,8011,-0.18330,-0.03120,-0.85800,0.87792,997.32,1000,2.68,51.03,205,2.2607,0.1021,LOCK,2,misalignment
781,3807805,8006,8019,0.07410,0.01170,-0.81510,0.81854,997.30,1000,2.70,51.03,205,2.2643,0.1559,LOCK,2,misalignment
782,3807814,8015,8028,-0.01170,0.13650,-0.71760,0.73056,997.28,1000,2.72,51.03,205,2.2637,0.1467,LOCK,2,misalignment
783,3807827,8028,8041,-0.06240,0.10920,-0.78780,0.79778,997.26,1000,2.74,51.03,205,2.2595,0.0835,LOCK,2,misalignment
784,3807836,8037,8050,-0.08190,0.07410,-0.78780,0.79550,997.24,1000,2.76,51.03,205,2.2340,-0.3026,LOCK,2,misalignment
785,3807844,8045,8058,-0.22620,-0.05850,-0.90090,0.93070,997.22,1000,2.78,51.03,205,2.2544,0.0060,LOCK,2,misalignment
786,3807852,8053,8066,-0.06630,-0.10530,-0.92820,0.93650,997.21,1000,2.79,51.03,205,2.2435,-0.1588,LOCK,2,misalignment
787,3807861,8062,8075,0.14040,-0.11310,-0.76050,0.78158,997.19,1000,2.81,51.03,205,2.2416,-0.1875,LOCK,2,misalignment
788,3807878,8079,8092,0.02340,0.12870,-0.67860,0.69109,997.17,1000,2.83,51.03,205,2.2652,0.1699,LOCK,2,misalignment
789,3807887,8088,8101,-0.17940,0.06630,-0.53820,0.57117,997.15,1000,2.85,51.03,205,2.2637,0.1470,LOCK,2,misalignment
790,3807895,8096,8109,-0.23790,0.00000,-0.73710,0.77454,997.13,1000,2.87,51.03,205,2.2603,0.0951,LOCK,2,misalignment
791,3807904,8105,8118,-0.31590,0.03120,-0.91650,0.96992,997.12,1000,2.88,51.03,205,2.2597,0.0863,LOCK,2,misalignment
792,3807912,8113,8126,-0.12870,-0.08190,-1.00620,1.01770,997.10,1000,2.90,51.03,205,2.2591,0.0774,LOCK,2,misalignment
793,3807920,8121,8134,-0.12870,-0.08190,-1.00620,1.01770,997.09,1000,2.91,51.03,205,2.2597,0.0860,LOCK,2,misalignment
794,3807929,8130,8143,0.15600,-0.02340,-0.78390,0.79961,997.07,1000,2.93,51.03,205,2.2573,0.0506,LOCK,2,misalignment
795,3807937,8138,8151,-0.11700,0.14430,-0.59280,0.62123,997.05,1000,2.95,51.03,205,2.2367,-0.2620,LOCK,2,misalignment
796,3807946,8147,8160,-0.07410,0.00780,-0.60060,0.60520,997.03,1000,2.97,51.03,205,2.2432,-0.1637,LOCK,2,misalignment
797,3807954,8155,8168,-0.09360,0.05850,-0.72150,0.72989,997.01,1000,2.99,51.03,205,2.2411,-0.1949,LOCK,2,misalignment
798,3807963,8164,8177,-0.09360,0.05850,-0.72150,0.72989,996.99,1000,3.01,51.03,205,2.2420,-0.1814,LOCK,2,misalignment
799,3807981,8182,8195,-0.10140,0.03900,-0.97500,0.98103,996.97,1000,3.03,51.03,205,2.2595,0.0838,LOCK,2,misalignment
800,3807989,8190,8203,0.26910,-0.02340,-0.93990,0.97794,996.96,1000,3.04,51.03,205,2.2668,0.1943,LOCK,2,misalignment
801,3807998,8199,8212,0.01560,0.22620,-0.68250,0.71918,996.94,1000,3.06,51.03,205,2.2295,-0.3716,LOCK,2,misalignment
802,3808006,8207,8220,0.01170,0.00000,-0.67080,0.67090,996.91,1000,3.09,51.03,205,2.2385,-0.2348,LOCK,2,misalignment
803,3808014,8215,8228,0.01170,0.00000,-0.67080,0.67090,996.89,1000,3.11,51.03,205,2.2502,-0.0572,LOCK,2,misalignment
804,3808028,8229,8242,-0.40170,0.16380,-0.87360,0.97538,996.88,1000,3.12,51.03,205,2.2463,-0.1173,LOCK,2,misalignment
805,3808082,8283,8296,-0.16770,-0.07020,-0.79950,0.81991,996.84,1000,3.16,51.03,205,2.2618,0.1183,LOCK,2,misalignment
806,3808091,8292,8305,-0.31200,0.14430,-0.90090,0.96425,996.81,1000,3.19,51.03,205,2.2595,0.0838,LOCK,2,misalignment
807,3808099,8300,8313,-0.09360,0.02340,-0.72150,0.72792,996.78,1000,3.22,51.03,205,2.2592,0.0786,LOCK,2,misalignment
808,3808108,8309,8322,0.20280,-0.14040,-0.72540,0.76619,996.76,1000,3.24,51.03,205,2.2585,0.0686,LOCK,2,misalignment
809,3808116,8317,8330,0.20280,-0.14040,-0.72540,0.76619,996.73,1000,3.27,51.03,205,2.2636,0.1455,LOCK,2,misalignment
810,3808125,8326,8339,-0.03510,0.07800,-0.67860,0.68397,996.70,1000,3.30,51.03,205,2.2602,0.0936,LOCK,2,misalignment
811,3808133,8334,8347,-0.08970,-0.00780,-0.72150,0.72710,996.67,1000,3.33,51.03,205,2.2570,0.0451,LOCK,2,misalignment
812,3808142,8343,8356,-0.24180,-0.04290,-0.85410,0.88870,996.65,1000,3.35,51.03,205,2.2582,0.0631,LOCK,2,misalignment
813,3808150,8351,8364,-0.21450,0.19110,-0.90870,0.95303,996.63,1000,3.37,51.03,205,2.2448,-0.1393,LOCK,2,misalignment
814,3808158,8359,8372,-0.02340,0.05070,-0.75270,0.75477,996.61,1000,3.39,51.03,205,2.2479,-0.0923,LOCK,2,misalignment
815,3808167,8368,8381,-0.02340,0.05070,-0.75270,0.75477,996.60,1000,3.40,51.03,205,2.2376,-0.2483,LOCK,2,misalignment
816,3808175,8376,8389,0.10920,-0.03120,-0.70200,0.71113,996.56,1000,3.44,51.03,205,2.2586,0.0704,LOCK,2,misalignment
817,3808187,8388,8401,0.05070,0.24960,-0.81510,0.85397,996.53,1000,3.47,51.03,205,2.2601,0.0924,LOCK,2,misalignment
818,3808195,8396,8409,-0.04290,-0.14040,-0.66690,0.68287,996.50,1000,3.50,51.03,205,2.2603,0.0957,LOCK,2,misalignment
819,3808204,8405,8418,-0.26910,-0.19110,-0.81900,0.88300,996.47,1000,3.53,51.03,205,2.2578,0.0570,LOCK,2,misalignment
820,3808212,8413,8426,-0.17160,0.04290,-0.91650,0.93341,996.45,1000,3.55,51.03,205,2.2615,0.1137,LOCK,2,misalignment
821,3808221,8422,8435,0.05460,-0.07410,-0.74880,0.75444,996.43,1000,3.57,51.03,205,2.2647,0.1626,LOCK,2,misalignment
822,3808234,8435,8448,0.08190,0.06630,-0.67860,0.68673,996.41,1000,3.59,51.03,205,2.2642,0.1540,LOCK,2,misalignment
823,3808243,8444,8457,-0.12870,0.21060,-0.72150,0.76255,996.39,1000,3.61,51.03,205,2.2527,-0.0200,LOCK,2,misalignment
824,3808251,8452,8465,-0.13260,0.07020,-0.69030,0.70642,996.36,1000,3.64,51.03,205,2.2388,-0.2300,LOCK,2,misalignment
825,3808260,8461,8474,-0.13260,0.07020,-0.69030,0.70642,996.34,1000,3.66,51.03,205,2.2424,-0.1756,LOCK,2,misalignment
826,3808268,8469,8482,-0.14820,-0.02340,-0.85410,0.86718,996.33,1000,3.67,51.03,205,2.2445,-0.1439,LOCK,2,misalignment
827,3808277,8478,8491,-0.06630,-0.12870,-0.95940,0.97026,996.31,1000,3.69,51.03,205,2.2453,-0.1314,LOCK,2,misalignment
828,3808290,8491,8504,0.07800,-0.02730,-0.72150,0.72622,996.29,1000,3.71,51.03,205,2.2624,0.1278,LOCK,2,misalignment
829,3808298,8499,8512,0.05070,0.00780,-0.69030,0.69220,996.28,1000,3.72,51.03,205,2.2597,0.0866,LOCK,2,misalignment
830,3808306,8507,8520,-0.03900,0.08190,-0.70200,0.70784,996.27,1000,3.73,51.03,205,2.2443,-0.1475,LOCK,2,misalignment
831,3808315,8516,8529,-0.17550,0.08970,-0.72540,0.75170,996.26,1000,3.74,51.03,205,2.2489,-0.0776,LOCK,2,misalignment
832,3808323,8524,8537,-0.25740,0.04680,-0.95940,0.99443,996.25,1000,3.75,51.03,205,2.2327,-0.3231,LOCK,2,misalignment
833,3808332,8533,8546,-0.25740,0.04680,-0.95940,0.99443,996.24,1000,3.76,51.03,205,2.2572,0.0490,LOCK,2,misalignment
834,3808341,8542,8555,-0.19500,0.03510,-0.90090,0.92243,996.24,1000,3.76,51.03,205,2.2639,0.1504,LOCK,2,misalignment
835,3808349,8550,8563,0.19500,-0.08190,-0.90090,0.92539,996.23,1000,3.77,51.03,205,2.2374,-0.2513,LOCK,2,misalignment
836,3808358,8559,8572,-0.00780,0.14820,-0.69810,0.71370,996.22,1000,3.78,51.03,205,2.2544,0.0063,LOCK,2,misalignment
837,3808366,8567,8580,-0.01950,0.00000,-0.72540,0.72566,996.21,1000,3.79,51.03,205,2.2420,-0.1820,LOCK,2,misalignment
838,3808375,8576,8589,-0.03120,0.06240,-0.81120,0.81419,996.20,1000,3.80,51.03,205,2.2478,-0.0935,LOCK,2,misalignment
839,3808390,8591,8604,-0.33930,0.05850,-0.86190,0.92813,996.19,1000,3.81,51.03,205,2.2615,0.1141,LOCK,2,misalignment
840,3808399,8600,8613,-0.09360,0.03120,-1.06470,1.06926,996.18,1000,3.82,51.03,205,2.2589,0.0738,LOCK,2,misalignment
841,3808407,8608,8621,0.16380,-0.01950,-0.84630,0.86223,996.17,1000,3.83,51.03,205,2.2766,0.3427,LOCK,2,misalignment
842,3808415,8616,8629,-0.10140,0.08580,-0.69030,0.70296,996.17,1000,3.83,51.03,205,2.2603,0.0954,LOCK,2,misalignment
843,3808424,8625,8638,-0.10140,0.08580,-0.69030,0.70296,996.16,1000,3.84,51.03,205,2.2570,0.0451,LOCK,2,misalignment
844,3808437,8638,8651,0.07410,0.05070,-0.78390,0.78903,996.16,1000,3.84,51.03,205,2.2652,0.1702,LOCK,2,misalignment
845,3808446,8647,8660,-0.18330,0.12870,-0.95550,0.98140,996.16,1000,3.84,51.03,205,2.2581,0.0619,LOCK,2,misalignment
846,3808454,8655,8668,-0.18330,0.12870,-0.95550,0.98140,996.15,1000,3.85,51.03,205,2.2397,-0.2162,LOCK,2,misalignment
847,3808463,8664,8677,-0.09750,-0.01950,-0.82680,0.83276,996.15,1000,3.85,51.03,205,2.2467,-0.1106,LOCK,2,misalignment
848,3808471,8672,8685,0.16770,-0.03120,-0.85410,0.87097,996.15,1000,3.85,51.03,205,2.2399,-0.2132,LOCK,2,misalignment
849,3808479,8680,8693,-0.18330,0.07800,-0.54990,0.58487,996.14,1000,3.86,51.03,205,2.2474,-0.0993,LOCK,2,misalignment
850,3808496,8697,8710,-0.10920,-0.03900,-0.66690,0.67691,996.13,1000,3.87,51.03,205,2.2595,0.0832,LOCK,2,misalignment
851,3808504,8705,8718,-0.07020,-0.08190,-0.83070,0.83767,996.12,1000,3.88,51.03,205,2.2620,0.1214,LOCK,2,misalignment
852,3808512,8713,8726,-0.37440,0.21840,-0.93210,1.02795,996.11,1000,3.89,51.03,205,2.2577,0.0567,LOCK,2,misalignment
853,3808521,8722,8735,-0.05460,0.03510,-0.84240,0.84490,996.11,1000,3.89,51.03,205,2.2611,0.1083,LOCK,2,misalignment
854,3808529,8730,8743,0.27690,-0.10920,-0.76440,0.82031,996.10,1000,3.90,51.03,205,2.2626,0.1296,LOCK,2,misalignment
855,3808538,8739,8752,0.00780,0.32760,-0.73710,0.80666,996.09,1000,3.91,51.03,205,2.2635,0.1437,LOCK,2,misalignment
856,3808546,8747,8760,0.00780,0.32760,-0.73710,0.80666,996.09,1000,3.91,51.03,205,2.2643,0.1559,LOCK,2,misalignment
857,3808555,8756,8769,-0.22620,0.05460,-0.62790,0.66963,996.08,1000,3.92,51.03,205,2.2314,-0.3423,LOCK,2,misalignment
858,3808563,8764,8777,-0.16380,-0.08970,-0.83460,0.85524,996.08,1000,3.92,51.03,205,2.2505,-0.0532,LOCK,2,misalignment
859,3808572,8773,8786,-0.24180,0.18330,-0.88920,0.93954,996.07,1000,3.93,51.03,205,2.2409,-0.1982,LOCK,2,misalignment
860,3808580,8781,8794,-0.07020,0.08580,-0.78780,0.79556,996.07,1000,3.93,51.03,205,2.2357,-0.2773,LOCK,2,misalignment
861,3808595,8796,8809,0.24180,-0.00390,-0.77610,0.81290,996.06,1000,3.94,51.03,205,2.2629,0.1342,LOCK,2,misalignment
862,3808603,8804,8817,0.01950,0.11310,-0.72150,0.73057,996.06,1000,3.94,51.03,205,2.2601,0.0927,LOCK,2,misalignment
863,3808612,8813,8826,-0.12870,-0.04680,-0.62010,0.63504,996.05,1000,3.95,51.03,205,2.2439,-0.1530,LOCK,2,misalignment
864,3808620,8821,8834,-0.28860,-0.12090,-0.80730,0.86582,996.04,1000,3.96,51.03,205,2.2442,-0.1485,LOCK,2,misalignment
865,3808628,8829,8842,-0.28860,-0.12090,-0.80730,0.86582,996.03,1000,3.97,51.03,205,2.2406,-0.2037,LOCK,2,misalignment
866,3808642,8843,8856,-0.04290,-0.08190,-0.68640,0.69260,996.03,1000,3.97,51.03,205,2.2609,0.1049,LOCK,2,misalignment
867,3808650,8851,8864,-0.04290,-0.08190,-0.68640,0.69260,996.02,1000,3.98,51.03,205,2.2604,0.0973,LOCK,2,misalignment
868,3808659,8860,8873,0.10920,-0.07800,-0.72540,0.73771,996.02,1000,3.98,51.03,205,2.2440,-0.1518,LOCK,2,misalignment
869,3808667,8868,8881,0.08580,0.11310,-0.74490,0.75831,996.01,1000,3.99,51.03,205,2.2431,-0.1659,LOCK,2,misalignment
870,3808676,8877,8890,-0.16380,-0.08970,-0.61230,0.64015,996.00,1000,4.00,51.03,205,2.2538,-0.0032,LOCK,2,misalignment
871,3808684,8885,8898,-0.25350,-0.01170,-0.94770,0.98109,996.00,1000,4.00,51.03,205,2.2328,-0.3206,LOCK,2,misalignment
872,3808699,8900,8913,-0.15600,-0.08190,-0.92430,0.94094,995.99,1000,4.01,51.03,205,2.2583,0.0655,LOCK,2,misalignment
873,3808707,8908,8921,0.12480,-0.05460,-0.79560,0.80718,995.99,1000,4.01,51.03,205,2.2566,0.0393,LOCK,2,misalignment
874,3808716,8917,8930,0.08970,-0.08580,-0.61620,0.62858,995.99,1000,4.01,51.03,205,2.2608,0.1025,LOCK,2,misalignment
875,3808725,8926,8939,-0.04290,-0.05070,-0.68640,0.68961,995.98,1000,4.02,51.03,205,2.2660,0.1824,LOCK,2,misalignment
876,3808733,8934,8947,-0.05460,-0.03120,-0.75270,0.75532,995.97,1000,4.03,51.03,205,2.2644,0.1574,LOCK,2,misalignment
877,3808742,8943,8956,-0.05460,-0.03120,-0.75270,0.75532,995.96,1000,4.04,51.03,205,2.2593,0.0799,LOCK,2,misalignment
878,3808750,8951,8964,-0.12870,0.14430,-0.97500,0.99399,995.96,1000,4.04,51.03,205,2.2649,0.1653,LOCK,2,misalignment
879,3808759,8960,8973,-0.08970,-0.03900,-1.01790,1.02259,995.95,1000,4.05,51.03,205,2.2394,-0.2208,LOCK,2,misalignment
880,3808767,8968,8981,0.15600,-0.08190,-0.77610,0.79585,995.95,1000,4.05,51.03,205,2.2480,-0.0905,LOCK,2,misalignment
881,3808775,8976,8989,0.01560,0.03120,-0.70200,0.70287,995.94,1000,4.06,51.03,205,2.2480,-0.0908,LOCK,2,misalignment
882,3808784,8985,8998,0.01560,0.03120,-0.70200,0.70287,995.93,1000,4.07,51.03,205,2.2576,0.0551,LOCK,2,misalignment
883,3808800,9001,9014,-0.14430,0.10140,-0.68250,0.70492,995.92,1000,4.08,51.03,205,2.2633,0.1406,LOCK,2,misalignment
884,3808808,9009,9022,-0.36660,0.07410,-0.88920,0.96466,995.91,1000,4.09,51.03,205,2.2802,0.3967,LOCK,2,misalignment
885,3808817,9018,9031,-0.16380,-0.11700,-0.91260,0.93454,995.90,1000,4.10,51.03,205,2.2570,0.0460,LOCK,2,misalignment
886,3808825,9026,9039,-0.16380,-0.11700,-0.91260,0.93454,995.89,1000,4.11,51.03,205,2.2585,0.0689,LOCK,2,misalignment
887,3808834,9035,9048,0.13260,0.03510,-0.88920,0.89972,995.88,1000,4.12,51.03,205,2.2563,0.0353,LOCK,2,misalignment
888,3808847,9048,9061,-0.14040,0.02730,-0.66690,0.68207,995.89,1000,4.11,51.03,205,2.2376,-0.2480,LOCK,2,misalignment
889,3808856,9057,9070,-0.14040,0.02730,-0.66690,0.68207,995.90,1000,4.10,51.03,205,2.2452,-0.1338,LOCK,2,misalignment
890,3808864,9065,9078,-0.10920,0.00390,-0.77220,0.77989,995.90,1000,4.10,51.03,205,2.2337,-0.3069,LOCK,2,misalignment
891,3808873,9074,9087,-0.31200,0.04680,-0.92040,0.97297,995.91,1000,4.09,51.03,205,2.2492,-0.0725,LOCK,2,misalignment
892,3808907,9108,9121,-0.03510,0.27690,-0.72150,0.77361,995.92,1000,4.08,51.03,205,2.2645,0.1598,LOCK,2,misalignment
893,3808915,9116,9129,-0.07800,-0.05070,-0.58890,0.59620,995.93,1000,4.07,51.03,205,2.2427,-0.1707,LOCK,2,misalignment
894,3808924,9125,9138,-0.03120,-0.08190,-0.74490,0.75004,995.94,1000,4.06,51.03,205,2.2478,-0.0932,LOCK,2,misalignment
895,3808932,9133,9146,-0.33930,0.07800,-0.87750,0.94404,995.94,1000,4.06,51.03,205,2.2506,-0.0511,LOCK,2,misalignment
896,3808940,9141,9154,-0.04290,0.15210,-0.94380,0.95694,995.95,1000,4.05,51.03,205,2.2450,-0.1356,LOCK,2,misalignment
897,3808949,9150,9163,0.24180,0.04680,-0.90090,0.93396,995.96,1000,4.04,51.03,205,2.2649,0.1647,LOCK,2,misalignment
898,3808957,9158,9171,0.24180,0.04680,-0.90090,0.93396,995.97,1000,4.03,51.03,205,2.2552,0.0176,LOCK,2,misalignment
899,3808966,9167,9180,-0.15990,0.10530,-0.60840,0.63781,995.97,1000,4.03,51.03,205,2.2437,-0.1564,LOCK,2,misalignment
900,3808974,9175,9188,-0.13260,-0.00780,-0.58110,0.59609,995.98,1000,4.02,51.03,205,2.2566,0.0390,LOCK,2,misalignment
901,3808983,9184,9197,-0.04680,-0.03510,-0.81900,0.82109,995.99,1000,4.01,51.03,205,2.2502,-0.0578,LOCK,2,misalignment
902,3808991,9192,9205,-0.29640,0.10920,-1.01400,1.06206,995.99,1000,4.01,51.03,205,2.2375,-0.2498,LOCK,2,misalignment
903,3809003,9204,9217,-0.00780,0.05070,-0.81900,0.82060,996.00,1000,4.00,51.03,205,2.2634,0.1427,LOCK,2,misalignment
904,3809012,9213,9226,0.31590,-0.01950,-0.75270,0.81654,996.00,1000,4.00,51.03,205,2.2502,-0.0578,LOCK,2,misalignment
905,3809020,9221,9234,0.01950,0.02730,-0.61620,0.61711,996.00,1000,4.00,51.03,205,2.2343,-0.2983,LOCK,2,misalignment
906,3809029,9230,9243,0.01950,0.02730,-0.61620,0.61711,996.00,1000,4.00,51.03,205,2.2405,-0.2052,LOCK,2,misalignment
907,3809037,9238,9251,-0.08970,-0.06240,-0.65130,0.66040,996.00,1000,4.00,51.03,205,2.2588,0.0728,LOCK,2,misalignment
908,3809051,9252,9265,-0.16380,-0.02340,-0.90870,0.92364,996.00,1000,4.00,51.03,205,2.2634,0.1418,LOCK,2,misalignment
909,3809059,9260,9273,-0.20280,0.33540,-0.92820,1.00756,996.00,1000,4.00,51.03,205,2.2650,0.1672,LOCK,2,misalignment
910,3809067,9268,9281,0.03120,0.00390,-0.86970,0.87027,996.00,1000,4.00,51.03,205,2.2326,-0.3246,LOCK,2,misalignment
911,3809076,9277,9290,0.26910,-0.15600,-0.70590,0.77139,996.00,1000,4.00,51.03,205,2.2521,-0.0291,LOCK,2,misalignment
912,3809084,9285,9298,0.08190,0.15210,-0.69810,0.71916,996.00,1000,4.00,51.03,205,2.2423,-0.1775,LOCK,2,misalignment
913,3809093,9294,9307,-0.06630,-0.01950,-0.67470,0.67823,996.00,1000,4.00,51.03,205,2.2504,-0.0541,LOCK,2,misalignment
914,3809108,9309,9322,-0.30420,-0.03120,-0.83850,0.89252,996.00,1000,4.00,51.03,205,2.2546,0.0097,LOCK,2,misalignment
915,3809116,9317,9330,-0.27690,0.12870,-1.00230,1.04778,996.00,1000,4.00,51.03,205,2.2620,0.1208,LOCK,2,misalignment
916,3809125,9326,9339,0.03510,-0.03900,-0.71760,0.71952,996.00,1000,4.00,51.03,205,2.2370,-0.2577,LOCK,2,misalignment
917,3809133,9334,9347,0.06240,-0.10530,-0.65910,0.67037,996.00,1000,4.00,51.03,205,2.2608,0.1028,LOCK,2,misalignment
918,3809141,9342,9355,0.06240,-0.10530,-0.65910,0.67037,996.00,1000,4.00,51.03,205,2.2409,-0.1991,LOCK,2,misalignment
919,3809150,9351,9364,-0.03900,0.10920,-0.69030,0.69997,995.99,1000,4.01,51.03,205,2.2459,-0.1234,LOCK,2,misalignment
920,3809158,9359,9372,-0.16380,-0.06240,-0.63570,0.65942,995.99,1000,4.01,51.03,205,2.2635,0.1446,LOCK,2,misalignment
921,3809167,9368,9381,-0.19500,-0.09360,-0.86970,0.89619,995.99,1000,4.01,51.03,205,2.2329,-0.3200,LOCK,2,misalignment
922,3809175,9376,9389,-0.17550,-0.08970,-0.85020,0.87275,995.98,1000,4.02,51.03,205,2.2439,-0.1536,LOCK,2,misalignment
923,3809183,9384,9397,-0.17550,-0.08970,-0.85020,0.87275,995.98,1000,4.02,51.03,205,2.2487,-0.0801,LOCK,2,misalignment
924,3809192,9393,9406,0.04290,-0.06240,-0.85410,0.85745,995.98,1000,4.02,51.03,205,2.2504,-0.0551,LOCK,2,misalignment
925,3809210,9411,9424,-0.07800,0.05070,-0.73710,0.74295,995.97,1000,4.03,51.03,205,2.2487,-0.0801,LOCK,2,misalignment
926,3809218,9419,9432,-0.07800,-0.07020,-0.78390,0.79089,995.97,1000,4.03,51.03,205,2.2604,0.0970,LOCK,2,misalignment
927,3809227,9428,9441,-0.17550,-0.03900,-0.87750,0.89573,995.96,1000,4.04,51.03,205,2.2413,-0.1921,LOCK,2,misalignment
928,3809235,9436,9449,-0.17550,-0.03900,-0.87750,0.89573,995.96,1000,4.04,51.03,205,2.2433,-0.1616,LOCK,2,misalignment
929,3809243,9444,9457,-0.10530,-0.13260,-0.84630,0.86307,995.95,1000,4.05,51.03,205,2.2413,-0.1918,LOCK,2,misalignment
930,3809257,9458,9471,0.06630,0.13650,-0.76830,0.78314,995.95,1000,4.05,51.03,205,2.2611,0.1083,LOCK,2,misalignment
931,3809265,9466,9479,0.06630,0.13650,-0.76830,0.78314,995.94,1000,4.06,51.03,205,2.2532,-0.0120,LOCK,2,misalignment
932,3809274,9475,9488,-0.16380,0.10920,-0.61620,0.64688,995.93,1000,4.07,51.03,205,2.2416,-0.1881,LOCK,2,misalignment
933,3809282,9483,9496,-0.12480,0.09750,-0.76440,0.78063,995.93,1000,4.07,51.03,205,2.2430,-0.1668,LOCK,2,misalignment
934,3809291,9492,9505,-0.35880,0.05850,-0.85800,0.93184,995.92,1000,4.08,51.03,205,2.2332,-0.3148,LOCK,2,misalignment
935,3809299,9500,9513,-0.18330,-0.06630,-0.91650,0.93700,995.91,1000,4.09,51.03,205,2.2466,-0.1121,LOCK,2,misalignment
936,3809311,9512,9525,0.16380,-0.02730,-0.85800,0.87392,995.91,1000,4.09,51.03,205,2.2549,0.0136,LOCK,2,misalignment
937,3809320,9521,9534,-0.08970,0.25350,-0.66690,0.71907,995.91,1000,4.09,51.03,205,2.2499,-0.0621,LOCK,2,misalignment
938,3809328,9529,9542,-0.08190,-0.03510,-0.62790,0.63419,995.90,1000,4.10,51.03,205,2.2327,-0.3231,LOCK,2,misalignment
939,3809337,9538,9551,-0.08190,-0.03510,-0.62790,0.63419,995.90,1000,4.10,51.03,205,2.2510,-0.0450,LOCK,2,misalignment
940,3809345,9546,9559,-0.05460,-0.12480,-0.75270,0.76493,995.90,1000,4.10,51.03,205,2.2436,-0.1579,LOCK,2,misalignment
941,3809354,9555,9568,-0.26520,0.02340,-0.92430,0.96188,995.90,1000,4.10,51.03,205,2.2313,-0.3441,LOCK,2,misalignment
942,3809414,9615,9628,-0.43680,0.17550,-0.86580,0.98550,995.90,1000,4.10,51.03,205,2.2592,0.0780,LOCK,2,misalignment
943,3809422,9623,9636,-0.03120,0.05850,-0.98670,0.98892,995.89,1000,4.11,51.03,205,2.2659,0.1806,LOCK,2,misalignment
944,3809431,9632,9645,0.28080,-0.07020,-0.85410,0.90181,995.89,1000,4.11,51.03,205,2.2250,-0.4400,LOCK,2,misalignment
945,3809439,9640,9653,0.28080,-0.07020,-0.85410,0.90181,995.89,1000,4.11,51.03,205,2.2515,-0.0380,LOCK,2,misalignment
946,3809448,9649,9662,-0.07410,0.06630,-0.58110,0.58955,995.88,1000,4.12,51.03,205,2.2449,-0.1375,LOCK,2,misalignment
947,3809461,9662,9675,-0.12090,-0.08190,-0.63570,0.65226,995.87,1000,4.13,51.03,205,2.2669,0.1952,LOCK,2,misalignment
948,3809469,9670,9683,-0.07800,0.07410,-0.83460,0.84151,995.86,1000,4.14,51.03,205,2.2568,0.0417,LOCK,2,misalignment
949,3809478,9679,9692,-0.33540,0.17550,-0.99450,1.06411,995.85,1000,4.15,51.03,205,2.2456,-0.1280,LOCK,2,misalignment
950,3809486,9687,9700,-0.04290,0.08970,-0.86190,0.86762,995.85,1000,4.15,51.03,205,2.2615,0.1134,LOCK,2,misalignment
951,3809495,9696,9709,0.25350,-0.14040,-0.74880,0.80292,995.84,1000,4.16,51.03,205,2.2320,-0.3337,LOCK,2,misalignment
952,3809503,9704,9717,-0.01950,0.07020,-0.63570,0.63986,995.86,1000,4.14,51.03,205,2.2328,-0.3212,LOCK,2,misalignment
953,3809519,9720,9733,-0.04680,-0.04680,-0.66300,0.66630,995.88,1000,4.12,51.03,205,2.2576,0.0548,LOCK,2,misalignment
954,3809528,9729,9742,-0.19890,-0.01170,-0.92430,0.94553,995.90,1000,4.10,51.03,205,2.2497,-0.0648,LOCK,2,misalignment
955,3809536,9737,9750,-0.23790,0.19890,-0.95940,1.00827,995.92,1000,4.08,51.03,205,2.2502,-0.0569,LOCK,2,misalignment
956,3809545,9746,9759,0.03900,0.01170,-0.85020,0.85117,995.94,1000,4.06,51.03,205,2.2574,0.0512,LOCK,2,misalignment
957,3809553,9754,9767,0.03900,0.01170,-0.85020,0.85117,995.95,1000,4.05,51.03,205,2.2451,-0.1350,LOCK,2,misalignment
958,3809564,9765,9778,0.06240,0.22230,-0.74490,0.77986,995.96,1000,4.04,51.03,205,2.2633,0.1415,LOCK,2,misalignment
959,3809573,9774,9787,0.06240,0.22230,-0.74490,0.77986,995.96,1000,4.04,51.03,205,2.2619,0.1195,LOCK,2,misalignment
960,3809581,9782,9795,-0.04680,-0.09750,-0.62400,0.63330,995.96,1000,4.04,51.03,205,2.2320,-0.3341,LOCK,2,misalignment
961,3809589,9790,9803,-0.39000,-0.09750,-0.81510,0.90884,995.97,1000,4.03,51.03,205,2.2433,-0.1619,LOCK,2,misalignment
962,3809598,9799,9812,-0.20280,0.00000,-0.91650,0.93867,995.97,1000,4.03,51.03,205,2.2442,-0.1482,LOCK,2,misalignment
963,3809606,9807,9820,0.01950,-0.05070,-0.75660,0.75855,995.97,1000,4.03,51.03,205,2.2415,-0.1888,LOCK,2,misalignment
964,3809619,9820,9833,0.05850,-0.03120,-0.73710,0.74008,995.98,1000,4.02,51.03,205,2.2590,0.0753,LOCK,2,misalignment
965,3809628,9829,9842,-0.12480,0.12480,-0.56940,0.59613,995.98,1000,4.02,51.03,205,2.2622,0.1244,LOCK,2,misalignment
966,3809636,9837,9850,-0.21450,0.06630,-0.66300,0.69998,995.98,1000,4.02,51.03,205,2.2316,-0.3389,LOCK,2,misalignment
967,3809645,9846,9859,-0.21450,0.06630,-0.66300,0.69998,995.98,1000,4.02,51.03,205,2.2519,-0.0319,LOCK,2,misalignment
968,3809653,9854,9867,-0.20670,-0.05460,-0.88140,0.90696,995.98,1000,4.02,51.03,205,2.2454,-0.1305,LOCK,2,misalignment
969,3809667,9868,9881,0.10530,-0.03900,-0.79560,0.80349,995.99,1000,4.01,51.03,205,2.2472,-0.1024,LOCK,2,misalignment
970,3809721,9922,9935,-0.18330,-0.10920,-0.84630,0.87278,995.99,1000,4.01,51.03,205,2.2639,0.1507,LOCK,2,misalignment
971,3809730,9931,9944,0.15600,-0.07800,-0.85410,0.87173,995.99,1000,4.01,51.03,205,2.2584,0.0670,LOCK,2,misalignment
972,3809738,9939,9952,0.15600,-0.07800,-0.85410,0.87173,995.99,1000,4.01,51.03,205,2.2654,0.1733,LOCK,2,misalignment
973,3809747,9948,9961,0.05070,0.11700,-0.70590,0.71732,995.99,1000,4.01,51.03,205,2.2619,0.1202,LOCK,2,misalignment
974,3809755,9956,9969,-0.07020,-0.02340,-0.69420,0.69813,995.98,1000,4.02,51.03,205,2.2581,0.0619,LOCK,2,misalignment
975,3809764,9965,9978,-0.02340,0.08580,-0.80730,0.81218,995.98,1000,4.02,51.03,205,2.2632,0.1400,LOCK,2,misalignment
976,3809772,9973,9986,-0.38220,0.05070,-0.83850,0.92289,995.98,1000,4.02,51.03,205,2.2553,0.0191,LOCK,2,misalignment
977,3809781,9982,9995,-0.12480,-0.13260,-1.00620,1.02254,995.98,1000,4.02,51.03,205,2.2422,-0.1793,LOCK,2,misalignment
978,3809789,9990,10003,-0.12480,-0.13260,-1.00620,1.02254,995.98,1000,4.02,51.03,205,2.2511,-0.0444,LOCK,2,misalignment
979,3809797,9998,10011,0.15990,-0.05850,-0.84240,0.85943,995.98,1000,4.02,51.03,205,2.2388,-0.2300,LOCK,2,misalignment
980,3809806,10007,10020,-0.11700,0.01560,-0.62010,0.63123,995.97,1000,4.03,51.03,205,2.2452,-0.1326,LOCK,2,misalignment
981,3809825,10026,10039,0.00000,0.18330,-0.86190,0.88118,995.96,1000,4.04,51.03,205,2.2620,0.1208,LOCK,2,misalignment
